-4.6154788929e+000	-5.2710611726e+000	2.1501233017e+001	
-4.6379584559e+000	-5.1135892779e+000	2.1430896604e+001	
-5.0107791361e+000	-8.0896435281e+000	3.4625798066e+001	
-1.6050966956e+001	-1.1458487220e+001	4.9836166818e+001	
-4.4564428309e+000	-8.1210384595e+000	3.5080928955e+001	
-1.6646161062e+001	-1.1497782147e+001	5.0475955155e+001	
-4.8029983020e+000	-4.7364937323e+000	2.1392853456e+001	
-4.6466617179e+000	-4.7580276887e+000	2.1450073941e+001	
-4.9613221574e+000	-4.6459361087e+000	2.1292115341e+001	
-1.4935685310e+001	-1.1101390368e+001	5.1862009843e+001	
-4.3653286484e+000	-4.6219157718e+000	2.1585764660e+001	
9.7966414155e+000	-7.4732868395e+000	3.6282573887e+001	
1.0199336635e+001	-7.4579569906e+000	3.6176236340e+001	
8.5514175359e+000	-7.4154962491e+000	3.6148323263e+001	
1.0453939584e+001	-7.3763582850e+000	3.5951548725e+001	
-1.5471041619e+001	-1.1237263129e+001	5.5401950527e+001	
6.1788468202e+000	-7.5331089163e+000	3.6970767333e+001	
6.9655954047e+000	-7.4974732382e+000	3.6683577629e+001	
2.7374096085e+000	-1.7175900707e+000	8.4456375543e+000	
4.1227856134e+000	-7.5843130997e+000	3.7393879735e+001	
5.0253011351e+000	-7.5758279266e+000	3.7331790322e+001	
5.2303770547e+000	-7.4001428957e+000	3.6585305232e+001	
2.9152494968e+000	-7.3350850030e+000	3.6424994656e+001	
4.5987038164e+000	-7.5417956770e+000	3.7467469995e+001	
2.9124427018e+000	-1.7539817431e+000	8.7138110381e+000	
-3.3605250326e+000	-7.5456305777e+000	3.7579861755e+001	
3.3813458087e+000	-7.3858942653e+000	3.6770986867e+001	
4.1834246562e+001	-4.6499687824e+001	2.3141629719e+002	
1.0387226532e-002	-7.6481667822e+000	3.8354702818e+001	
7.4287280510e-001	-7.6962138004e+000	3.8509734163e+001	
1.6959771734e+000	-7.5623638678e+000	3.7887258287e+001	
1.5996182435e+000	-4.7121706060e+000	2.3693576114e+001	
-4.7797203948e+000	-4.1885412624e+000	2.1304181497e+001	
-1.5795849339e+000	-7.2350169038e+000	3.6848176199e+001	
8.6551413538e+000	-7.2304468193e+000	3.6590191981e+001	
-4.5181315350e+000	-4.3040141495e+000	2.1923950187e+001	
-3.2085721675e+000	-7.3314083789e+000	3.7519473392e+001	
-1.5752243383e+000	-6.1047578031e+000	3.1232282146e+001	
-4.9602340278e+000	-4.1472791660e+000	2.1272115122e+001	
1.9309930658e+000	-7.2683040404e+000	3.7496558941e+001	
8.9342658250e+000	-6.8020728158e+000	3.5057784249e+001	
7.7233303727e+000	-6.8064707080e+000	3.5423403810e+001	
-3.6771337106e+000	-7.1132092731e+000	3.7277153729e+001	
-4.6943122899e+000	-4.0836033755e+000	2.1505325591e+001	
-4.1483421336e+000	-4.0995352515e+000	2.1654163626e+001	
-7.6001388377e-001	-6.8611021958e+000	3.6414251394e+001	
-5.2686958969e+000	-3.9787271829e+000	2.1326417746e+001	
-4.1540141451e+000	-3.9896322160e+000	2.1600283475e+001	
-1.1008203996e+000	-6.9295360673e+000	3.7627642596e+001	
2.4304667978e+000	-6.4459507829e+000	3.4942173947e+001	
-5.0078887192e+000	-4.8392866617e+000	2.6852973598e+001	
2.7759984508e+000	-6.4318840222e+000	3.5430247584e+001	
-1.6265505857e+001	-9.7107606913e+000	5.4381747683e+001	
-5.2231625682e+000	-3.8382185530e+000	2.1363198670e+001	
9.2206245550e-001	-6.3426431206e+000	3.5806187140e+001	
-4.2739950273e+000	-3.6910305168e+000	2.1142031817e+001	
5.6186724856e+000	-6.1656065673e+000	3.5200000292e+001	
-5.0533219511e+000	-3.7295431809e+000	2.1332524250e+001	
-4.7624267600e+000	-3.7537990023e+000	2.1518575794e+001	
-3.6869176144e-001	-6.1537473306e+000	3.5743317842e+001	
5.3335803428e+000	-5.7597348807e+000	3.3663862655e+001	
9.2300568550e+000	-5.8128374149e+000	3.3861182263e+001	
-4.7377275862e+000	-3.6228326516e+000	2.1392832848e+001	
-4.0135911992e+000	-3.6668502687e+000	2.1525649306e+001	
4.0467583381e+000	-5.4613641244e+000	3.2139115009e+001	
4.4451045008e+000	-5.3916926657e+000	3.1644985788e+001	
-5.2719432652e+000	-3.6154547932e+000	2.1439939010e+001	
-1.4725215950e+000	-5.5376949724e+000	3.2875927706e+001	
4.3147058418e+000	-5.5146554661e+000	3.2651859820e+001	
-4.8371362975e+000	-3.5128012074e+000	2.1171201234e+001	
8.3478713475e+000	-5.4389627048e+000	3.2778963881e+001	
9.4237822268e+000	-5.4229385366e+000	3.2658716304e+001	
-4.4699779199e+000	-3.5387295813e+000	2.1708573573e+001	
5.0360895579e+000	-5.4798045039e+000	3.3569365761e+001	
-1.1600928760e+000	-5.3326348851e+000	3.2795514001e+001	
3.9623264633e+000	-5.2183513397e+000	3.2102486882e+001	
4.1755303421e+000	-5.2919253244e+000	3.2514715266e+001	
4.4372911476e+000	-5.3021123739e+000	3.2620730507e+001	
7.1728523730e+000	-5.5692763673e+000	3.4077398711e+001	
-1.5502817310e+000	-5.2656462024e+000	3.2649359534e+001	
-1.4084536947e+000	-5.2710233196e+000	3.2645500044e+001	
-5.2913687640e-001	-5.6585282851e+000	3.4935876283e+001	
-1.0638259434e-001	-5.5977314329e+000	3.4701332805e+001	
3.4900760051e+000	-5.2522345496e+000	3.2324875814e+001	
5.7516244166e+000	-5.4260885885e+000	3.3438663112e+001	
9.0775827958e+000	-4.8929632749e+000	3.0088550403e+001	
-4.7480936841e+000	-3.4199354953e+000	2.1301386788e+001	
-5.7645412639e+000	-3.3831567750e+000	2.1399935232e+001	
1.8110367242e-001	-5.3143061312e+000	3.3881065166e+001	
8.1948197360e+000	-5.2070998790e+000	3.2952946431e+001	
-2.1290598336e+000	-5.0769557653e+000	3.2708432491e+001	
-1.5864544411e+000	-5.0541947723e+000	3.2836225599e+001	
-1.4009302449e+000	-5.0260424708e+000	3.2610195462e+001	
3.7167476948e+000	-4.9956705684e+000	3.2267674024e+001	
3.9545325101e+000	-4.9712953632e+000	3.2097687219e+001	
4.1209742118e+000	-4.9670708944e+000	3.2108068896e+001	
4.2124765991e+000	-4.9498157582e+000	3.1994398158e+001	
4.4189470079e+000	-5.0393278573e+000	3.2545228933e+001	
-4.1800267406e+000	-3.3393907677e+000	2.1710784304e+001	
5.2476667612e+000	-5.1901505575e+000	3.3808832057e+001	
3.4193075122e+000	-4.9224621188e+000	3.2201975696e+001	
-5.7669889592e+000	-3.2098525568e+000	2.1359929864e+001	
1.6300606338e-001	-5.1184263853e+000	3.4030229843e+001	
4.1174825452e+000	-4.7479469814e+000	3.2122045601e+001	
4.3606018847e+000	-4.8759933332e+000	3.3048151312e+001	
-1.7634367406e+000	-4.7231034517e+000	3.2246311345e+001	
-1.1966303286e+000	-4.7744792964e+000	3.2564340392e+001	
3.6869924909e+000	-4.7140663482e+000	3.2041851232e+001	
4.0005358980e+000	-4.7946779088e+000	3.2595298875e+001	
4.3595458645e+000	-4.7153420011e+000	3.2067166331e+001	
-1.5930923281e+000	-4.8012736921e+000	3.2825306048e+001	
3.8906315971e+000	-4.8260356171e+000	3.2859137163e+001	
-5.7712446741e+000	-3.1096408249e+000	2.1433603477e+001	
-4.4313076609e+000	-3.1890495216e+000	2.2094648666e+001	
-3.9650615309e+000	-3.0683302799e+000	2.1251758828e+001	
-6.8159144492e+000	-4.4254477392e+000	3.0695414781e+001	
-5.0614424099e+000	-3.1037621005e+000	2.1834918769e+001	
-2.3574089349e+000	-4.6807269114e+000	3.3013465065e+001	
-5.4734232706e+000	-3.0029251699e+000	2.1360891110e+001	
-1.8370627545e+000	-4.6150337310e+000	3.2900592618e+001	
-1.4293309938e+000	-4.5854307618e+000	3.2657551122e+001	
-1.2013204661e+000	-4.6460426590e+000	3.3007326903e+001	
4.1416705677e-001	-4.6467478570e+000	3.2887136648e+001	
3.9792972357e+000	-4.5553124629e+000	3.2385263876e+001	
-5.0192486101e+000	-2.9702465775e+000	2.1264883006e+001	
-2.8421019604e+000	-4.5716990149e+000	3.2541667268e+001	
-1.5943410050e+000	-4.6076039607e+000	3.2930088988e+001	
3.1548855711e+000	-2.0296783187e+000	1.4404645337e+001	
6.7078999885e+000	-4.1088548417e+000	2.9131302504e+001	
-4.4587597498e+000	-3.0259043116e+000	2.1723116547e+001	
-3.7695331045e+000	-2.9364121596e+000	2.1166612054e+001	
-2.0726502458e+000	-4.5910207608e+000	3.3012215746e+001	
-9.3253509958e-001	-4.7963306587e+000	3.4432689560e+001	
4.5448225495e+000	-4.4819863306e+000	3.2113999921e+001	
5.0814754261e+000	-4.7096763258e+000	3.3715138720e+001	
-5.3283718702e+000	-2.9855472234e+000	2.1612009553e+001	
3.6795307657e+000	-1.7330782719e+000	1.2415813683e+001	
-3.2088756865e+000	-2.9286453956e+000	2.1439252987e+001	
-4.4193316700e+000	-2.8867730373e+000	2.1468937649e+001	
-4.7176942493e+000	-2.8826290385e+000	2.1573844675e+001	
-1.7855391659e+000	-4.2810120083e+000	3.2652445494e+001	
-1.0559582173e+000	-4.3232821153e+000	3.3005225430e+001	
4.3765808667e+000	-4.2155496116e+000	3.2131140866e+001	
5.5306743997e+000	-4.0864131669e+000	3.1039352583e+001	
-5.7621747908e+000	-2.7828023116e+000	2.1450213856e+001	
-3.6815369089e+000	-2.7556324288e+000	2.1242039604e+001	
-4.2707628298e-001	-4.2250873959e+000	3.2606532068e+001	
-6.2388236904e+000	-2.7648592447e+000	2.1423040671e+001	
4.0868701579e+000	-1.6156084204e+000	1.2471366364e+001	
-4.8009506746e+000	-2.8062842906e+000	2.1942400613e+001	
-3.5573615208e+000	-2.7706308114e+000	2.1585184838e+001	
-3.5616626384e+000	-3.3203052303e+000	2.5925867058e+001	
-2.1836342049e+000	-3.1263454282e+000	2.4534283896e+001	
-1.9632944474e+000	-3.1213178536e+000	2.4680307938e+001	
-7.7890831428e+000	-2.9883353511e+000	2.4296225804e+001	
5.3544611821e+000	-4.1155951218e+000	3.3333113447e+001	
-4.0551401052e+000	-2.6302831130e+000	2.1544845388e+001	
-5.7831618417e+000	-2.5716027105e+000	2.1233709531e+001	
-1.8399588746e+000	-3.8970272913e+000	3.2100180141e+001	
8.8776171397e+000	-3.8986760841e+000	3.1777124460e+001	
-3.5949469978e+000	-2.6168493938e+000	2.1734525989e+001	
-2.1367804844e+000	-3.9445275118e+000	3.2771508487e+001	
9.8281407394e-001	-3.9662387433e+000	3.2934921803e+001	
-4.3450389468e+000	-2.6095512363e+000	2.1907958782e+001	
8.1702390484e+000	-3.7662235418e+000	3.1312289166e+001	
-6.2304632078e+000	-2.5197434371e+000	2.1303251403e+001	
1.8697918830e+000	-3.9242536872e+000	3.3106676516e+001	
-6.2469469400e+000	-2.4709713928e+000	2.1347385049e+001	
-4.3579384566e-001	-3.7954433226e+000	3.2848179750e+001	
-6.0603725497e+000	-2.4558145121e+000	2.1647523315e+001	
9.4706585000e-001	-3.8001981050e+000	3.3068332491e+001	
5.4173858047e+000	-7.8776716852e+000	6.8474219354e+001	
-4.9144512229e+000	-2.4491813052e+000	2.1549443291e+001	
-3.9899681381e+000	-2.4259514550e+000	2.1459507924e+001	
-1.9407123550e+000	-2.7657198116e+000	2.4417235788e+001	
-6.0504212178e-001	-3.7990006374e+000	3.3666123767e+001	
3.2989131773e+000	-3.1069577331e+000	2.7187011160e+001	
6.3090471470e+000	-3.6650594162e+000	3.2089521724e+001	
1.4021844675e+001	-8.3718069244e+000	7.3643727723e+001	
-2.3621053616e+000	-2.7478051740e+000	2.4578279274e+001	
1.9816275400e+000	-9.0363901170e-001	8.0650584243e+000	
8.5062373605e+000	-3.5786186301e+000	3.1828952433e+001	
8.6233425215e+000	-3.5013127041e+000	3.0987904832e+001	
4.7972490916e+000	-1.6965004970e+000	1.5005536525e+001	
-4.3472852279e+000	-2.3065191319e+000	2.1024268821e+001	
-3.6506863825e+000	-2.2972128734e+000	2.0884576060e+001	
-3.3602146725e-001	-3.6696715745e+000	3.3073539997e+001	
-2.8517793097e+000	-2.3263854601e+000	2.1382334939e+001	
-2.4354932868e+000	-2.3559138460e+000	2.1384557267e+001	
-8.1795167574e-001	-3.6839788936e+000	3.3703347808e+001	
-1.3543290586e-001	-3.6253063557e+000	3.3296384423e+001	
9.4358754908e-001	-3.5603992176e+000	3.2625719964e+001	
1.7932396736e+000	-3.5780743185e+000	3.2637122364e+001	
2.9006491248e+000	-9.8187073591e-001	8.8339309331e+000	
-1.8309484850e+000	-2.9556459741e+000	2.7351866873e+001	
3.1170084965e+000	-3.5404893010e+000	3.2608668880e+001	
-4.5835706318e+000	-2.3132588834e+000	2.1584504578e+001	
-2.5356346417e+000	-2.5857147003e+000	2.4151618161e+001	
2.7970451765e+000	-3.7481470206e+000	3.4759965802e+001	
3.4317629181e+000	-3.5035242596e+000	3.2690855987e+001	
4.5812905543e+000	-3.3929507288e+000	3.1440909504e+001	
5.3546539129e+000	-3.4194756351e+000	3.1735031127e+001	
-5.3528997457e+000	-2.2895321710e+000	2.1427736625e+001	
-5.0237826822e+000	-2.2953724708e+000	2.1526843431e+001	
-4.9170034453e+000	-2.2961951203e+000	2.1500787191e+001	
2.2488446406e+000	-1.5186916803e+000	1.4199438277e+001	
6.4185576417e+000	-3.4363835556e+000	3.2239903068e+001	
7.2896194328e+000	-3.3067132590e+000	3.0939280394e+001	
8.5082022477e+000	-3.3414346379e+000	3.1240497870e+001	
-3.9636616716e+000	-2.2332920773e+000	2.1226568363e+001	
-1.5685133619e+000	-2.9594968100e+000	2.8137899682e+001	
-1.5499996945e+000	-3.8813440161e+000	3.6578228630e+001	
3.7486459631e+000	-3.4697283872e+000	3.2545666755e+001	
-3.7672751145e+000	-2.2546659438e+000	2.1584599988e+001	
-3.1087412817e+000	-2.2469893902e+000	2.1520042065e+001	
6.9685633154e+000	-3.3110622947e+000	3.1499060332e+001	
8.1968055531e+000	-3.2884351343e+000	3.1196192384e+001	
8.6005263809e+000	-3.1800600052e+000	3.0071381674e+001	
-2.9088204455e+000	-2.2282808268e+000	2.1461744473e+001	
-4.3382825968e+000	-2.1939282544e+000	2.1312953125e+001	
3.3436523689e+000	-3.3088198048e+000	3.2085354747e+001	
5.8446711418e+000	-3.1054135666e+000	2.9935643145e+001	
6.8703372987e+000	-3.3605214812e+000	3.2179394535e+001	
5.8545594784e+000	-3.3999766021e+000	3.3019934171e+001	
7.3057344389e+000	-3.2639622138e+000	3.1804529802e+001	
-3.0916532421e+000	-2.1745038860e+000	2.1384122198e+001	
2.3859933101e+000	-3.3257010760e+000	3.2667642428e+001	
2.7924203937e+000	-3.2441437286e+000	3.2030626473e+001	
-5.3553067978e+000	-2.1936917909e+000	2.1727598289e+001	
-3.3877585857e+000	-2.1761020017e+000	2.1684803170e+001	
-5.5538106620e+000	-2.1455439065e+000	2.1574803626e+001	
3.9769676934e+000	-3.1756473572e+000	3.1969341654e+001	
5.8443275638e+000	-3.1408869952e+000	3.1779968118e+001	
-2.0315849864e+000	-2.3406255408e+000	2.4024591049e+001	
4.9764136646e-001	-3.3818932860e+000	3.4352431826e+001	
2.9285604076e+000	-3.2325033456e+000	3.2994951239e+001	
-3.8597120237e+000	-2.0732939585e+000	2.1459406770e+001	
-1.7840345780e+000	-2.6609689109e+000	2.7321464218e+001	
1.3187180259e+000	-3.2122638672e+000	3.2900564317e+001	
7.2337432022e+000	-3.1547389099e+000	3.2104043890e+001	
1.4557693693e-001	-3.1448968470e+000	3.2904629683e+001	
5.3666546439e+000	-3.1111087779e+000	3.2265592647e+001	
5.8951755084e+000	-3.1560152106e+000	3.2781834282e+001	
7.1656543254e+000	-2.8763094628e+000	2.9575884040e+001	
3.2509843592e+000	-3.0990680856e+000	3.2511118828e+001	
8.3074026696e+000	-2.9993803227e+000	3.1061830578e+001	
9.0590377599e+000	-3.0555291778e+000	3.1961575393e+001	
2.3750871382e+000	-7.3035037986e-001	7.5668322923e+000	
4.8038740626e+000	-3.0424067578e+000	3.2301819345e+001	
-3.1158968532e+000	-1.9929539610e+000	2.1427291231e+001	
-2.6911753377e+000	-1.9870750759e+000	2.1467427865e+001	
6.3731832348e+000	-2.9629332635e+000	3.1767949237e+001	
9.0554723187e+000	-2.9415832838e+000	3.1314245831e+001	
3.1973567346e-001	-3.0301337703e+000	3.2883272536e+001	
1.4218702455e+000	-3.0158652270e+000	3.2795545131e+001	
7.8374818923e+000	-2.9232133084e+000	3.1595310056e+001	
-5.3181456813e+000	-1.9734087693e+000	2.1703061647e+001	
-5.0081994292e+000	-1.9493841760e+000	2.1363148116e+001	
-4.8637554147e+000	-1.9759052006e+000	2.1720588155e+001	
-4.5805227398e+000	-1.9559334853e+000	2.1465130325e+001	
-1.9195390654e+000	-2.4749884827e+000	2.7307196915e+001	
3.4388063171e+000	-2.9489294663e+000	3.2304546313e+001	
3.9846704783e+000	-2.9319331632e+000	3.2143717387e+001	
5.2574085638e+000	-2.9691390364e+000	3.2231589223e+001	
5.5624073500e+000	-2.9730881044e+000	3.2447102444e+001	
-5.5255775491e+000	-1.8924598542e+000	2.0930398988e+001	
-1.6136641684e+000	-2.4656696499e+000	2.7231067383e+001	
4.5523791958e+000	-2.9220688315e+000	3.2202097422e+001	
8.0877447672e+000	-2.8572452249e+000	3.1458998173e+001	
-6.7349977351e+000	-1.9198111753e+000	2.1453747002e+001	
-5.5535131377e+000	-1.9198045458e+000	2.1505845011e+001	
-4.4550128796e+000	-1.9255834481e+000	2.1492250567e+001	
-1.3297001172e+000	-2.7119946958e+000	3.0313796088e+001	
-9.9392681582e-001	-2.7386668275e+000	3.0679398105e+001	
6.5399566080e+000	-2.8488788483e+000	3.1744259048e+001	
7.1252709101e+000	-2.8545286136e+000	3.1768861445e+001	
-2.8986226692e+000	-1.9547864331e+000	2.1897334953e+001	
-1.4559649636e+000	-2.4762128307e+000	2.8031761930e+001	
8.2993605625e-002	-2.9199766185e+000	3.2827080148e+001	
1.6474848408e+000	-2.9118834215e+000	3.2890812962e+001	
7.6166704700e+000	-2.8064404029e+000	3.1372366008e+001	
3.2093283739e+000	-2.8589317376e+000	3.2486795394e+001	
-8.3210511980e-002	-2.8780213970e+000	3.3241176575e+001	
4.7644742390e+000	-2.8116995400e+000	3.2129694356e+001	
-4.5823394340e+000	-1.8194980494e+000	2.1445566957e+001	
-2.6636171376e+000	-1.8347705494e+000	2.1461402115e+001	
1.7907602156e+000	-2.8169997821e+000	3.2851908945e+001	
5.7190358338e+000	-2.7783769099e+000	3.2219745207e+001	
6.3136303898e+000	-2.7366337369e+000	3.1704558624e+001	
-7.2212856789e+000	-1.7945216011e+000	2.1232731905e+001	
-6.8797394420e+000	-1.8158653250e+000	2.1402485727e+001	
-5.4514848136e+000	-1.8163925990e+000	2.1528469224e+001	
-2.5077725626e+000	-1.8077937912e+000	2.1244647998e+001	
-2.1001518773e+000	-2.0283231375e+000	2.4038288067e+001	
-1.5778078652e+000	-2.5544895898e+000	3.0018713053e+001	
3.0562843177e+000	-2.7754526027e+000	3.2505742442e+001	
4.0440901509e+000	-2.7613159358e+000	3.2675596298e+001	
5.9245253517e+000	-2.7559165609e+000	3.2368467385e+001	
7.8656534529e+000	-2.7190809637e+000	3.1490269646e+001	
8.3766491333e+000	-2.7206424723e+000	3.1600235826e+001	
-2.9454118785e+000	-1.7922663875e+000	2.1357018405e+001	
4.9687998793e+000	-2.7462097820e+000	3.2481630732e+001	
6.2046329662e+000	-2.6887249460e+000	3.2029484116e+001	
8.0159006440e+000	-2.6265805499e+000	3.1436557165e+001	
-6.5003484005e+000	-1.7437738663e+000	2.1284719228e+001	
-5.5903177508e+000	-1.7526452248e+000	2.1571271190e+001	
-4.0507283659e+000	-1.6867852217e+000	2.0625989719e+001	
-5.0518760836e+000	-2.2492264221e+000	2.7390894642e+001	
1.6341959622e+000	-2.7140281274e+000	3.2879475607e+001	
3.2040575703e+000	-2.6728059217e+000	3.2523582680e+001	
5.3444100406e+000	-2.6569583200e+000	3.2166000495e+001	
-2.7940262296e+000	-1.4978848918e+000	1.8515704560e+001	
-2.3181253541e+000	-1.7362218528e+000	2.1378577625e+001	
2.6177608967e+000	-2.6606248812e+000	3.2800886599e+001	
4.8066853787e+000	-2.6438423132e+000	3.2398302290e+001	
-2.1521452037e+000	-1.9291990854e+000	2.3970398594e+001	
-1.5712703957e+000	-2.1172185055e+000	2.6792969787e+001	
6.3958525127e+000	-2.5713759305e+000	3.2219705938e+001	
7.8574696330e+000	-2.5186284960e+000	3.1472149003e+001	
-2.3719867618e+000	-1.8764890666e+000	2.3962968704e+001	
-1.9486634636e+000	-1.9294205977e+000	2.4842808484e+001	
3.4084337908e-002	-2.6309613217e+000	3.3354012490e+001	
5.9275041596e+000	-2.5354120445e+000	3.2098439147e+001	
-1.4891621158e+000	-2.1883875556e+000	2.8296303891e+001	
3.2139113078e+000	-2.5662759313e+000	3.2729364443e+001	
8.2007646037e+000	-2.4256522190e+000	3.1031233643e+001	
-3.2809499713e+000	-1.6591687976e+000	2.1724535537e+001	
-2.0759309724e+000	-1.8725789786e+000	2.4250584477e+001	
-9.4723217020e-002	-2.5278757409e+000	3.2872038943e+001	
9.5330223275e-001	-2.5487639671e+000	3.3353429499e+001	
1.3564495177e+000	-2.5293731429e+000	3.3077875071e+001	
1.6106635581e+000	-2.5338164251e+000	3.2826668916e+001	
4.7711683546e+000	-2.4984806951e+000	3.2243298157e+001	
-5.8044483621e+000	-1.6443480322e+000	2.1719397131e+001	
4.4140687917e-001	-2.5273782834e+000	3.3162347141e+001	
7.8660268784e-001	-2.4907656020e+000	3.2795409379e+001	
3.0765163985e+000	-2.4849371548e+000	3.2792991344e+001	
6.3536264773e+000	-2.4654294230e+000	3.2043108359e+001	
-1.6657486869e+000	-2.0026973803e+000	2.6824272533e+001	
-5.2062061815e-001	-2.4848916023e+000	3.3278271801e+001	
1.7721309390e+000	-2.4393523031e+000	3.2614937053e+001	
2.5805905795e+000	-2.4453744688e+000	3.2665325462e+001	
3.6104921791e+000	-2.4632100351e+000	3.2889846076e+001	
7.8615088806e+000	-2.3900023771e+000	3.1555554147e+001	
-2.8830399858e+000	-1.5851861526e+000	2.1443619978e+001	
-1.9765678509e+000	-1.8334255553e+000	2.4782504403e+001	
-1.4490876682e+000	-2.2444775403e+000	3.0494669792e+001	
-1.1471018128e+000	-2.2570801705e+000	3.0505186313e+001	
6.1968555508e-002	-2.4432348812e+000	3.3222661897e+001	
4.9159722729e+000	-2.3904272316e+000	3.2044445352e+001	
6.1563941731e+000	-2.3558595265e+000	3.1840780217e+001	
-7.2021991107e+000	-1.5769792203e+000	2.1583495115e+001	
3.2025756330e+000	-2.3839270296e+000	3.2538150383e+001	
3.0487953688e-001	-2.3947708218e+000	3.3079390178e+001	
8.0644166556e-001	-2.3911790537e+000	3.2947547911e+001	
1.3707242063e+000	-2.3649195404e+000	3.2687550070e+001	
1.6031865401e+000	-2.3550902271e+000	3.2649999054e+001	
4.7560884931e+000	-2.3250912536e+000	3.2126158652e+001	
6.6860916065e+000	-2.3201168980e+000	3.2056284069e+001	
8.0092065938e+000	-2.2836250894e+000	3.1409400516e+001	
-5.5887486458e+000	-1.5324929427e+000	2.1487529012e+001	
-2.4159965334e+000	-1.7162022907e+000	2.4041824151e+001	
3.4300153883e+000	-2.2995788931e+000	3.2297610355e+001	
-2.1722904357e+000	-1.6952693987e+000	2.4259601452e+001	
4.5273813352e+000	-2.2808231454e+000	3.2227168623e+001	
6.3495467057e+000	-2.2665234017e+000	3.2000798172e+001	
-2.4939249007e+000	-1.4762671167e+000	2.1453018581e+001	
-4.5021649281e+000	-1.4757010535e+000	2.1564303804e+001	
-3.2481596349e+000	-1.4528640379e+000	2.1339489288e+001	
6.5007869845e+000	-2.1818743190e+000	3.1533159727e+001	
7.0873644773e+000	-2.1929440424e+000	3.1739105468e+001	
7.8362591589e+000	-2.1877096149e+000	3.1454334691e+001	
3.9721766670e-002	-2.2427425188e+000	3.3009904572e+001	
7.6535505194e+000	-2.1714931622e+000	3.1645870275e+001	
-1.9526458795e+000	-1.7979480659e+000	2.6811141848e+001	
1.4104878153e+000	-2.1233324292e+000	3.2043220591e+001	
1.6113287990e+000	-2.1831012478e+000	3.2802913593e+001	
2.0128911105e+000	-2.1079243577e+000	3.1683669665e+001	
3.1997874734e+000	-2.1890393720e+000	3.2565775155e+001	
-6.5948106252e+000	-1.4089680578e+000	2.1360781179e+001	
-1.1223243455e-001	-2.1866754518e+000	3.3207099591e+001	
5.5197789285e+000	-2.1785328703e+000	3.2697342359e+001	
-1.7290473716e+000	-1.7358544958e+000	2.6871616554e+001	
-1.1239681196e+000	-1.9476029386e+000	3.0321026910e+001	
4.5897997702e+000	-2.1174566803e+000	3.2362190884e+001	
4.7056951129e+000	-2.0807221700e+000	3.1850233080e+001	
-6.5769423099e-001	-2.1866773212e+000	3.3946966116e+001	
1.7627239176e+000	-2.0950941702e+000	3.2890749680e+001	
6.3318103564e+000	-2.0517826826e+000	3.1932254370e+001	
-3.2655762667e+000	-1.3483855344e+000	2.1603481462e+001	
-1.9113543274e+000	-1.5567227458e+000	2.4871935881e+001	
-4.1980333945e+000	-1.3408148431e+000	2.1730247333e+001	
5.0948080870e+000	-2.0015746270e+000	3.1977072526e+001	
7.6271543924e+000	-1.9494734257e+000	3.1350790333e+001	
7.8315444291e+000	-1.9691720673e+000	3.1448482162e+001	
2.7875396323e-002	-2.0394480677e+000	3.3226806999e+001	
4.9111504347e+000	-2.0041381376e+000	3.2202631097e+001	
6.1581043578e+000	-1.9631888131e+000	3.1903803909e+001	
-5.4040492987e+000	-1.3228981443e+000	2.1847553522e+001	
-4.9394058449e+000	-1.3164236889e+000	2.1817225345e+001	
-4.6381558207e+000	-1.2900940765e+000	2.1481488199e+001	
-1.6246211307e+000	-1.6366490027e+000	2.7095656879e+001	
1.5968903960e+000	-1.9804643753e+000	3.2739899656e+001	
3.2189512743e+000	-2.0032900221e+000	3.2964178536e+001	
-4.4751546075e+000	-1.2697996811e+000	2.1579511448e+001	
4.6985523896e+000	-1.8967957819e+000	3.1931814334e+001	
7.9986018823e+000	-1.8714266557e+000	3.1440752651e+001	
-2.1170321004e+000	-1.4290995571e+000	2.4611533456e+001	
-1.5353180080e+000	-1.6170381084e+000	2.7719883044e+001	
-8.9534068548e-001	-1.9240592849e+000	3.2740323046e+001	
6.2986805015e+000	-1.8672399017e+000	3.1776792542e+001	
-2.6136905256e+000	-1.2137433399e+000	2.1536426875e+001	
-6.9536303905e+000	-1.1729175853e+000	2.1282281014e+001	
5.6579154637e+000	-1.8275397120e+000	3.2486893863e+001	
7.8542063066e+000	-1.7768751246e+000	3.1533994093e+001	
-2.1006273748e+000	-1.3180057721e+000	2.4089111921e+001	
1.3114589638e+000	-1.8039485135e+000	3.3192208889e+001	
4.8192024383e+000	-1.6760956280e+000	3.0112197727e+001	
-5.8832232128e+000	-1.1226430786e+000	2.1052086836e+001	
-4.5505990613e+000	-1.1623339037e+000	2.1599966884e+001	
4.1961959468e-001	-1.8029793369e+000	3.3501214592e+001	
9.1998034276e-001	-1.7625408644e+000	3.2873089595e+001	
2.5184462028e+000	-1.7889352400e+000	3.3498274593e+001	
-2.0434039644e+000	-1.3090987743e+000	2.5036175410e+001	
9.9850494852e-003	-1.7559913220e+000	3.3481780980e+001	
3.1902924067e+000	-1.7093448222e+000	3.2689799320e+001	
3.8684263381e+000	-1.6762671295e+000	3.2222887998e+001	
4.0898461080e+000	-1.7038975641e+000	3.2610251958e+001	
4.4756902421e+000	-1.6994739877e+000	3.2592387713e+001	
-3.4442397336e+000	-1.0913774839e+000	2.1638603282e+001	
-2.4464974067e+000	-1.0977978586e+000	2.1513029562e+001	
4.7459425282e+000	-1.6774205857e+000	3.2242246052e+001	
-3.0016282813e+000	-1.0890425444e+000	2.1603123934e+001	
-6.4532868025e-001	-1.6632901007e+000	3.3171518229e+001	
1.5858055016e+000	-1.6606713309e+000	3.3026896007e+001	
-4.6161431001e-001	-1.6495163238e+000	3.3147151095e+001	
-1.4609539353e-001	-1.6412710868e+000	3.3053043598e+001	
3.0335519606e+000	-1.6246863747e+000	3.2717905574e+001	
6.3160569337e+000	-1.6069612403e+000	3.1954457878e+001	
6.9749784532e+000	-1.5588827465e+000	3.1626987858e+001	
7.1609127697e+000	-1.5680284879e+000	3.1642071903e+001	
7.5777502096e+000	-1.5767482931e+000	3.1828187847e+001	
-1.2479324929e+000	-1.4556784278e+000	3.0035617453e+001	
6.6663898893e+000	-1.5738380770e+000	3.1876738136e+001	
3.8882872687e-003	-1.5741868732e+000	3.3269043565e+001	
1.7346684211e+000	-1.5725650104e+000	3.2714391830e+001	
-1.4744283324e+000	-1.4077415595e+000	3.0350914632e+001	
3.1927249937e+000	-1.5411843814e+000	3.2776426920e+001	
7.8048729256e+000	-1.5042509586e+000	3.1403510972e+001	
-5.7048771986e+000	-7.8403462013e-001	1.7272422856e+001	
-1.1414752990e+000	-1.3847183990e+000	3.0192362953e+001	
1.5816560135e+000	-1.5113302350e+000	3.2922373722e+001	
-1.6933708277e+000	-1.2330251195e+000	2.7915133830e+001	
4.7244777944e+000	-1.4560510731e+000	3.2128328234e+001	
7.9475164383e+000	-1.4137008914e+000	3.1172299299e+001	
-6.8978121067e+000	-9.3227547005e-001	2.1681516638e+001	
-5.9133745846e+000	-9.3732289794e-001	2.1781381490e+001	
-7.9550587925e+000	-1.5509730049e+000	3.6105498154e+001	
-2.2417464823e+000	-9.9237016917e-001	2.2915160956e+001	
6.3002785734e+000	-1.3858987474e+000	3.1775200452e+001	
-2.9412338732e+000	-9.0490229419e-001	2.1569610628e+001	
-2.7080241471e+000	-8.7237939968e-001	2.1353506407e+001	
2.1027135077e+000	-1.3594421392e+000	3.2916521701e+001	
7.6472283776e+000	-1.3133450478e+000	3.1069704176e+001	
-6.9044544472e+000	-8.4547936937e-001	2.1437127219e+001	
-1.6478713584e+000	-1.0879463558e+000	2.7048398479e+001	
4.9574050276e+000	-1.2642339292e+000	3.1134397833e+001	
-1.6051665773e+000	-1.0767902051e+000	2.7971614839e+001	
-8.4329410697e-003	-1.2721654716e+000	3.3061964212e+001	
6.9178220110e+000	-1.2918883640e+000	3.2977273260e+001	
-5.4470705872e+000	-8.0378080649e-001	2.1580507973e+001	
1.5669693065e+000	-1.2498944663e+000	3.3089828340e+001	
-1.9812308103e+000	-9.1307091909e-001	2.5034506002e+001	
3.1654241869e+000	-1.2090017366e+000	3.2772679234e+001	
-7.1450452769e+000	-7.5277738959e-001	2.1657948101e+001	
-5.7982983255e-001	-1.1683035159e+000	3.2868610565e+001	
7.1378337965e-001	-1.1736379531e+000	3.2888250123e+001	
9.0653016585e-001	-1.1891344863e+000	3.3199398667e+001	
1.3428686283e+000	-1.2261211940e+000	3.4032798985e+001	
4.7254907574e+000	-1.1621469195e+000	3.2202632369e+001	
5.3550916777e+000	-1.1621560287e+000	3.2230635536e+001	
-6.6798142759e+000	-7.3444215261e-001	2.1582932961e+001	
-4.5655050947e+000	-7.3379454770e-001	2.1498261043e+001	
1.7258602981e+000	-1.1575644167e+000	3.3053441242e+001	
3.0241727565e+000	-1.1415001442e+000	3.2830331916e+001	
7.8275940117e+000	-1.1236882577e+000	3.1422436469e+001	
-2.2829399956e+000	-7.6907310341e-001	2.2979556949e+001	
2.5029694993e+000	-1.1138553751e+000	3.2824774875e+001	
3.5549154063e+000	-1.1244065918e+000	3.2880389621e+001	
-3.4203455392e+000	-7.2337373203e-001	2.2095028177e+001	
-1.5579065277e+000	-9.5728403272e-001	2.9002666609e+001	
3.9023711058e+000	-1.0886946608e+000	3.2700173819e+001	
4.4720283387e+000	-1.0870088995e+000	3.2557504797e+001	
4.8762384574e+000	-1.0902777963e+000	3.2358396563e+001	
6.3381752943e+000	-1.0790710054e+000	3.2080632329e+001	
8.8673351056e+000	-1.0451885028e+000	3.0891688531e+001	
-6.4581420486e+000	-7.1575165787e-001	2.2268144966e+001	
-3.0229095197e+000	-6.8873327983e-001	2.1485970505e+001	
-1.7703260864e+000	-8.7672023334e-001	2.7717988962e+001	
-7.2054456946e-001	-1.0675313712e+000	3.3234012066e+001	
1.0326817464e+000	-1.0510938308e+000	3.2958621443e+001	
6.1169712607e+000	-9.9573682995e-001	3.1794199271e+001	
-3.1548780940e+000	-6.4140025624e-001	2.1650861811e+001	
-2.5988866509e+000	-6.4875274309e-001	2.1819152368e+001	
1.5148250037e+000	-9.9637650273e-001	3.3134608403e+001	
5.3064716775e+000	-9.8186285106e-001	3.2178180227e+001	
6.6361787794e+000	-9.8572851703e-001	3.1896147703e+001	
7.1976378650e+000	-9.5912118942e-001	3.1981610765e+001	
7.5644648464e+000	-9.5501330073e-001	3.1804223043e+001	
-2.1884753455e+000	-7.0154026721e-001	2.4844678307e+001	
6.9887491778e+000	-9.3370594429e-001	3.1647138905e+001	
-2.7155195665e+000	-5.7323243873e-001	2.1445907939e+001	
-2.0087037587e+000	-6.9546969104e-001	2.5238996006e+001	
-1.7979637595e+000	-7.0576257736e-001	2.6229384875e+001	
2.2669411209e+000	-8.9915720229e-001	3.2985724592e+001	
3.1726194458e+000	-9.1940246650e-001	3.2375734181e+001	
8.0279558940e+000	-9.0256420404e-001	3.1618608586e+001	
6.3331612466e+000	-8.5541113696e-001	3.1881501343e+001	
8.8341099402e+000	-8.3927632042e-001	3.0677358378e+001	
-2.8476523479e+000	-3.4081262998e-001	1.3635084159e+001	
7.6899447259e+000	-8.0329348615e-001	3.1261104243e+001	
-1.5372092083e+000	-6.9184255817e-001	2.8085251119e+001	
2.7664324407e-001	-7.7775440836e-001	3.2070443153e+001	
6.8346370134e-001	-8.8825580723e-001	3.7007388167e+001	
5.2534966929e+000	-8.0160377337e-001	3.1997615620e+001	
-4.6953913911e+000	-5.0249879125e-001	2.1435101028e+001	
-2.5313771469e+000	-3.2072366074e-001	1.3545629290e+001	
-3.0102100292e+000	-5.0809427086e-001	2.1330310564e+001	
-7.3436149630e+000	-4.8125517542e-001	2.1625159200e+001	
4.5747550659e+000	-7.3833206703e-001	3.2805792934e+001	
-6.1278696577e+000	-4.5951337435e-001	2.1774732819e+001	
3.4908058416e+000	-7.0620398743e-001	3.2908103887e+001	
-2.0533668465e+000	-5.3383252484e-001	2.5136683237e+001	
-1.4719589683e-001	-6.9099512117e-001	3.2517849501e+001	
-5.1800302083e-003	-6.8940813042e-001	3.3320871806e+001	
6.9494931477e-001	-7.0441196204e-001	3.2673853480e+001	
4.9358826594e+000	-6.8823865875e-001	3.2494938265e+001	
-4.2954541403e+000	-4.2283000003e-001	2.1466320065e+001	
-4.5792104491e+000	-5.2627312682e-001	2.6922688436e+001	
-3.1421449888e+000	-4.3835491534e-001	2.1414168688e+001	
-1.2384447741e+000	-5.9223649499e-001	3.0315024892e+001	
1.0245804808e+000	-6.7456903285e-001	3.2266897765e+001	
-3.9490315890e+000	-4.1334610830e-001	2.1298062648e+001	
-1.5574894573e+000	-5.4525561543e-001	2.8272869186e+001	
-5.3275738194e+000	-3.8202459694e-001	2.1115258364e+001	
8.2100064797e+000	-5.8853945082e-001	3.1219443617e+001	
-5.0894341269e+000	-3.6677932308e-001	2.0990236873e+001	
-5.0305026093e+000	-3.6766187430e-001	2.2082407592e+001	
-1.8428413818e+000	-4.4968618400e-001	2.6074630570e+001	
3.5022301151e+000	-5.7302108142e-001	3.2957951148e+001	
-2.7632073370e+000	-3.6329960644e-001	2.1735318694e+001	
-2.4315417540e+000	-3.8405258278e-001	2.2991156628e+001	
-2.2611965181e+000	-3.8446018024e-001	2.4095300622e+001	
-2.0470339711e+000	-4.2967549487e-001	2.4729715210e+001	
1.0490333902e-001	-5.3151209068e-001	3.2920335829e+001	
5.3861447326e+000	-5.5608323490e-001	3.2164333529e+001	
-4.8797440891e+000	-3.3540005406e-001	2.1833886863e+001	
-1.1987405439e+000	-4.5977475097e-001	2.9994256196e+001	
1.4015978082e+000	-4.9782883425e-001	3.2876634435e+001	
-1.0697365952e+000	-4.4189036053e-001	3.1350825993e+001	
-7.3671022291e+000	-2.9167975267e-001	2.1649670322e+001	
4.9078820309e+000	-4.5247551203e-001	3.2305130305e+001	
5.7629992439e+000	-4.6525633091e-001	3.2068728046e+001	
6.8219129483e+000	-4.6981012805e-001	3.1683976691e+001	
7.5185692056e+000	-4.6793772352e-001	3.2410887636e+001	
8.9041240219e+000	-4.7114778323e-001	3.1727993875e+001	
-6.2997250781e+000	-2.5863065646e-001	2.1223666800e+001	
-4.3939857041e+000	-2.7106422537e-001	2.1485766420e+001	
-8.0604428205e-001	-4.2443384689e-001	3.3038382923e+001	
-5.8866659311e-001	-4.3325543387e-001	3.3386234492e+001	
-3.0275716881e+000	-2.2036536197e-001	2.1155033950e+001	
1.2569570983e+000	-3.6998284031e-001	3.2842497153e+001	
-1.8542371792e+000	-2.7794359225e-001	2.5882786601e+001	
9.0199498417e+000	-3.4439610429e-001	3.1559841917e+001	
-2.1102569998e+000	-2.1625454936e-001	2.4567962867e+001	
-1.2634299511e+000	-2.8794019301e-001	3.0176729484e+001	
7.6787916977e-001	-3.1740455769e-001	3.3265821381e+001	
3.1521825531e+000	-3.0533198692e-001	3.2201836686e+001	
6.2795626453e+000	-3.1025337621e-001	3.1860670766e+001	
-5.5494169352e+000	-1.5921745709e-001	2.1379926973e+001	
4.6802783050e+000	-2.8818449085e-001	3.2533115128e+001	
-3.8417030333e+000	-1.5740929278e-001	2.1969403332e+001	
-7.9478512649e-001	-2.1957615886e-001	3.3067876644e+001	
-2.6224270846e+000	-1.4218981722e-001	2.1736700379e+001	
-1.0711196037e+000	-1.9046439042e-001	3.1372657537e+001	
-5.2054591859e+000	-1.0678853865e-001	2.1528974352e+001	
-3.1905814970e+000	-1.1600939836e-001	2.1504372261e+001	
2.8109022718e+000	-1.8479463103e-001	3.2287665130e+001	
3.4401615561e+000	-2.0080375411e-001	3.2741678704e+001	
3.9388340392e+000	-1.9091726391e-001	3.2577592783e+001	
4.7901391534e+000	-1.9835905877e-001	3.2468615417e+001	
7.6116755976e+000	-1.9704084641e-001	3.1919858006e+001	
-6.3338614102e+000	-6.9979842101e-002	2.1867113470e+001	
-6.1791278091e+000	-6.9671056074e-002	2.1888251573e+001	
4.9571317552e+000	-1.2578467574e-001	3.1860411289e+001	
5.8465405790e+000	-1.5205780863e-001	3.2130328597e+001	
7.6850274261e+000	-1.4504399381e-001	3.1175835620e+001	
-4.9328792996e+000	-5.7467605099e-002	2.1724293925e+001	
7.7566526592e-003	-9.5240796793e-002	3.3012680154e+001	
4.4437218231e+000	-1.3582721957e-001	3.2351865346e+001	
5.5817588965e+000	-1.0874174991e-001	3.2568995926e+001	
7.9682537230e+000	-9.7547721823e-002	3.1851648271e+001	
8.1715853645e+000	-1.0521740226e-001	3.0570414490e+001	
-3.7156954046e+000	-3.5682240361e-002	1.7987131180e+001	
6.5421248195e+000	-8.8770204502e-002	3.1799696974e+001	
7.0565378803e+000	-8.3642845402e-002	3.1768995696e+001	
8.4021362027e+000	-8.6210984674e-002	3.0957553758e+001	
-2.9066443063e+000	-3.1304404707e-002	2.1164823197e+001	
-2.2188621874e+000	-2.6607542077e-002	2.3584278136e+001	
-1.6911833633e+000	-1.7646341004e-002	2.7824877981e+001	
-1.1552946906e+000	-3.7210427245e-002	3.1300793546e+001	
-4.2138661805e+000	9.9941183410e-003	2.1333299906e+001	
-2.3520563139e+000	5.6373613778e-003	2.2555931019e+001	
-1.9000626044e+000	1.8928929575e-002	2.6220835903e+001	
1.5275145315e+000	-5.1126487577e-003	3.2885332357e+001	
7.6908468861e+000	-3.0041388456e-002	3.2298989473e+001	
-3.1017850365e+000	4.7783806687e-004	2.1458789901e+001	
-4.6251878574e+000	3.1938913203e-002	2.2012175290e+001	
-4.0966004489e+000	4.5701371355e-002	2.2497712443e+001	
-2.7744204935e+000	5.1328371992e-002	2.1632577970e+001	
-2.1133476399e+000	3.7265132666e-002	2.4584554532e+001	
7.7200420100e+000	3.3025924831e-002	3.1386890799e+001	
-2.7301685488e+000	6.4994797526e-002	2.2408933446e+001	
3.3679789844e-001	8.3457573917e-002	3.3566556404e+001	
2.3751987557e+000	8.2889665263e-002	3.3666311705e+001	
6.8252761641e-001	1.0349211637e-001	3.3519812234e+001	
8.2239487749e-001	1.0655490420e-001	3.3258091528e+001	
6.3460641378e+000	8.2251499770e-002	3.1975187074e+001	
-4.4141104004e+000	9.7648558071e-002	2.1638514490e+001	
-2.4174180886e+000	1.0401656703e-001	2.2850363765e+001	
-6.2101875374e+000	1.2171354884e-001	2.1518698803e+001	
-1.4047795243e+000	1.4658187000e-001	2.8570119045e+001	
1.1630349435e+000	1.6163370289e-001	3.3344378031e+001	
3.4857325518e+000	1.6515342297e-001	3.2676211660e+001	
3.8848008976e+000	1.7024312816e-001	3.2810016982e+001	
3.9812441947e+000	1.7262818399e-001	3.2354394310e+001	
-2.7175178823e+000	1.2962786297e-001	2.2274640090e+001	
3.1828609375e+000	1.7904983834e-001	3.2752305575e+001	
4.3953816046e+000	1.7813552170e-001	3.2654516053e+001	
-3.0771973725e+000	1.4904160739e-001	2.1383914157e+001	
-2.4771284931e+000	1.5234146519e-001	2.2645490490e+001	
-2.0547142439e+000	1.8987492729e-001	2.6256129476e+001	
-3.2259516327e+000	1.8325654476e-001	2.1684032887e+001	
-2.8088522950e+000	1.8358312371e-001	2.1634606881e+001	
-1.5877957633e+000	2.4874219783e-001	2.6324889572e+001	
-1.8002542531e-002	2.9489818875e-001	3.2976360866e+001	
6.2940739721e+000	2.7644854809e-001	3.1725403227e+001	
6.6517810655e+000	2.6381627519e-001	3.2063676477e+001	
7.0171256888e+000	2.6896600907e-001	3.1993085334e+001	
-6.8141437352e+000	2.1170203287e-001	2.1629670284e+001	
1.4675843855e+000	3.3107640818e-001	3.2596792510e+001	
1.8752809334e+000	3.3017422974e-001	3.3287911577e+001	
7.1198851997e+000	2.8165972707e-001	3.1709448426e+001	
7.5084585164e+000	2.8458158862e-001	3.1776218706e+001	
8.9737111005e+000	2.7408130584e-001	3.1656500481e+001	
-4.0396330993e+000	1.9899001707e-001	1.8728986072e+001	
-8.7021688752e-001	3.6398886716e-001	3.3457325401e+001	
3.0181824479e+000	3.4510061369e-001	3.2593066203e+001	
7.8887583045e+000	3.2286079704e-001	3.2106984465e+001	
-5.9889024897e+000	2.5453309880e-001	2.1729796409e+001	
-5.8174052229e+000	2.7082042000e-001	2.1800812338e+001	
5.0584891319e+000	3.4884201090e-001	3.2304975042e+001	
3.6105187542e+000	2.5262741122e-001	2.2496293249e+001	
6.1571240216e+000	3.5594191075e-001	3.1681058169e+001	
5.9930315300e+000	3.8068977473e-001	3.1878566722e+001	
-5.1751885074e+000	2.9330568609e-001	2.0581068829e+001	
-6.4282740792e+000	3.4526826573e-001	2.1569978923e+001	
-4.8310651374e+000	3.4675309415e-001	2.1151204140e+001	
-3.6454169464e+000	3.1964916439e-001	2.1067122958e+001	
3.0660905891e-001	5.1490735004e-001	3.3519430642e+001	
6.2317136673e+000	4.6831838725e-001	3.1359723411e+001	
-3.2136781217e+000	3.4878916168e-001	2.1426859328e+001	
6.6834764414e-001	5.2840266027e-001	3.3309441231e+001	
7.9803251201e-001	5.2456700551e-001	3.2946337298e+001	
1.1431680075e+000	5.3067574781e-001	3.3190793997e+001	
7.8290781168e+000	4.8149313328e-001	3.1307499517e+001	
2.2704264456e+000	5.5395990575e-001	3.2475795790e+001	
1.1216036774e+001	6.6723188915e-001	4.0370583061e+001	
-3.8844970485e+000	4.0275806831e-001	2.1657626563e+001	
-2.8501020728e+000	3.8669314955e-001	2.1599793198e+001	
6.1552076411e+000	5.4747638325e-001	3.1971194964e+001	
-6.7498695126e+000	4.2452777427e-001	2.1471707974e+001	
-6.0693087685e+000	4.2041579088e-001	2.1742620959e+001	
-4.3301086405e+000	3.5386579830e-001	1.8072098468e+001	
-4.9768034974e+000	4.2376322082e-001	2.1648462389e+001	
-2.5534286518e+000	4.2834538407e-001	2.2131381995e+001	
-1.8761558409e+000	5.0609777356e-001	2.6323595357e+001	
-2.3235258020e+000	4.8105305106e-001	2.3926342429e+001	
3.6094742556e+000	7.5329676359e-001	3.8009458181e+001	
-2.4472613954e+000	5.1034765032e-001	2.3224941805e+001	
8.4446288588e-002	7.2739069183e-001	3.3248159024e+001	
5.3740511894e+000	8.2935589219e-001	3.8368761442e+001	
-4.7601780846e+000	6.1190535244e-001	2.6441394236e+001	
-4.7625681170e+000	5.1190967458e-001	2.1671934911e+001	
1.2788622875e+000	7.6775667573e-001	3.2589900501e+001	
-1.1383588076e+000	7.8367651766e-001	3.1069909269e+001	
2.9988126594e+000	7.7008308419e-001	3.2047459968e+001	
6.0735617630e+000	7.3006930524e-001	3.0792003573e+001	
8.2837100275e+000	7.4779435574e-001	3.1524764398e+001	
-2.2099471981e+000	6.0673239540e-001	2.4599158691e+001	
3.5184873611e-001	8.4693792430e-001	3.2448533887e+001	
7.3852790863e+000	7.4573476346e-001	3.0347260470e+001	
-2.8534980446e+000	5.7609650905e-001	2.1481283994e+001	
-5.2636662845e+000	6.1069995849e-001	2.1913194433e+001	
3.8326838222e+000	9.0539077638e-001	3.4158355454e+001	
-7.1617616302e+000	6.1930944678e-001	2.2107335794e+001	
-4.3501954869e+000	6.0311078969e-001	2.1292655940e+001	
9.0880598285e+000	8.6477169844e-001	3.2317505041e+001	
-1.5555617040e+000	8.3337199516e-001	2.8597487992e+001	
-1.8132058852e+000	8.2028176618e-001	2.7059973835e+001	
5.0495585700e+000	9.9507493589e-001	3.2895042680e+001	
4.6548039301e+000	9.9266546911e-001	3.2057073542e+001	
-4.4572137335e+000	6.9864920022e-001	2.1365851821e+001	
-4.1017985828e+000	6.8538789535e-001	2.1458601372e+001	
-1.6764409753e+000	9.1635965245e-001	2.8370654077e+001	
-8.5524774317e-001	1.0400323980e+000	3.2346424475e+001	
2.8633380910e-001	1.0281890899e+000	3.3177390467e+001	
8.3626596094e+000	1.0028570656e+000	3.2102974861e+001	
-7.2575583552e+000	7.0238510865e-001	2.1098497747e+001	
5.9599282449e+000	1.0221277857e+000	3.1971911945e+001	
7.8802782706e+000	9.6818478123e-001	3.0692757642e+001	
-3.2849196202e+000	7.4084712858e-001	2.1818244415e+001	
3.4277996646e+000	1.1126294485e+000	3.3070805154e+001	
2.3552979385e+000	2.3816341029e-001	7.2129274114e+000	
-7.2329253327e+000	7.8883233039e-001	2.2288588684e+001	
-6.8634490852e+000	7.7934379112e-001	2.1742683605e+001	
-5.7421057769e+000	7.7394647761e-001	2.1628129932e+001	
-4.5824301279e+000	7.8676671414e-001	2.1650243798e+001	
-3.5734909024e+000	7.7085000108e-001	2.1847686189e+001	
-1.3479177735e+000	1.0810571010e+000	3.0155291844e+001	
2.3529567229e+000	1.1503084847e+000	3.2887308699e+001	
4.0584670186e+000	1.1410720265e+000	3.2841736669e+001	
7.6812830889e+000	1.0996446960e+000	3.1055111103e+001	
-5.3744012783e+000	7.6542345076e-001	2.0880425872e+001	
-2.8952327687e+000	7.8154381207e-001	2.1621930298e+001	
2.6847336507e+000	1.1989925843e+000	3.3080228441e+001	
-3.9892091424e+000	8.0120251482e-001	2.1438256270e+001	
-2.4037097333e+000	8.8572242493e-001	2.3439360765e+001	
-2.0552325047e+000	9.6806623933e-001	2.6109812494e+001	
-1.2087097980e+000	1.1983794514e+000	3.1701860889e+001	
1.3658392635e-001	1.2540466847e+000	3.3159857455e+001	
6.6140889087e-001	1.2802392148e+000	3.3192330833e+001	
5.5713599365e+000	1.2114467363e+000	3.2317779228e+001	
6.6054212961e+000	1.2002678898e+000	3.2380371898e+001	
7.1987652638e+000	1.1990356185e+000	3.2564262296e+001	
-9.2081430718e-001	1.2946525992e+000	3.3030649542e+001	
1.1759555875e+000	1.2791513948e+000	3.2978977368e+001	
5.8577890497e+000	1.2494405196e+000	3.2137052652e+001	
-4.9778304483e+000	8.9141456403e-001	2.2094241201e+001	
3.2710403733e+000	1.3249282347e+000	3.2828009561e+001	
-3.8354732232e+000	8.8404800522e-001	2.1198465251e+001	
-3.5137211092e+000	9.0702715570e-001	2.1325643140e+001	
8.2181521955e+000	1.2393823034e+000	3.0735726722e+001	
-7.1992549300e+000	9.3753493324e-001	2.1726210903e+001	
-2.6176430316e+000	9.8880769981e-001	2.3210330965e+001	
-2.4800497294e+000	9.9548012174e-001	2.3125310513e+001	
8.2017272221e+000	1.3212880571e+000	3.1558011171e+001	
-6.9138663902e+000	9.6828848459e-001	2.1845210582e+001	
-4.5841053059e+000	9.3808010853e-001	2.1400776176e+001	
-2.2131679833e+000	1.0725938303e+000	2.4279038753e+001	
5.7139269964e+000	1.3789225928e+000	3.1837971488e+001	
9.0869305583e+000	1.3598019865e+000	3.1788835490e+001	
-5.3200097879e+000	9.7874266102e-001	2.1607840206e+001	
-6.4558054608e+000	1.0239737488e+000	2.2049837552e+001	
-4.9128729662e+000	9.9898298597e-001	2.1386617279e+001	
-2.5983727682e+000	1.0032709844e+000	2.1710945468e+001	
-2.0837343768e+000	1.1947233361e+000	2.5803128455e+001	
1.3719574827e+000	1.5152248410e+000	3.3018675909e+001	
3.4538230033e+000	1.5042870827e+000	3.2780743232e+001	
3.8262078244e+000	1.5105563524e+000	3.2568414768e+001	
-5.8230703831e+000	1.0259200752e+000	2.1598780313e+001	
-2.4218104933e+000	1.1125610850e+000	2.3427256753e+001	
4.0108532964e+000	1.5348612434e+000	3.2869431940e+001	
4.3796910515e+000	1.5446577522e+000	3.2593354831e+001	
-6.8036928395e+000	1.0554335192e+000	2.1767821121e+001	
-4.5663913787e+000	1.0452290796e+000	2.1558707445e+001	
-1.8427453375e+000	1.3148081589e+000	2.7038364476e+001	
-4.1136696307e+000	1.0525279158e+000	2.1337909997e+001	
-3.8716286751e-002	1.6353101656e+000	3.3124187023e+001	
-7.1354021264e+000	1.1219677005e+000	2.1927278770e+001	
-2.2149404568e+000	1.2083750580e+000	2.4226794938e+001	
1.9772231747e-001	1.6679752237e+000	3.3154659984e+001	
3.3620045038e+000	1.5962999738e+000	3.2715454081e+001	
6.6248251736e+000	1.6011379903e+000	3.2189645831e+001	
-2.0775885223e+000	1.3199392418e+000	2.5738848404e+001	
5.8433503106e-001	1.6769265971e+000	3.2884380238e+001	
6.9622578668e+000	1.5943973392e+000	3.1883608214e+001	
7.1090677052e+000	1.6029573623e+000	3.1811370802e+001	
7.5320016914e+000	1.6151646585e+000	3.1945293933e+001	
-1.3889898886e+000	1.5636658370e+000	3.0180341029e+001	
1.1290915025e+000	1.7128535996e+000	3.3053009277e+001	
2.3562588675e+000	1.6953879387e+000	3.2868229964e+001	
8.2286488460e+000	2.5803445813e+000	5.0210764786e+001	
-3.2114587350e+000	1.1369572483e+000	2.1639739877e+001	
-2.9494589486e+000	1.1416019918e+000	2.1634867377e+001	
-1.2258481513e+000	1.6653761397e+000	3.1433912879e+001	
-7.1251378413e+000	1.1622466942e+000	2.1341850115e+001	
-5.0220101683e+000	1.1721397023e+000	2.1697032815e+001	
-4.4287585138e+000	1.1608445501e+000	2.1382105137e+001	
-4.3885624202e+000	1.1950917413e+000	2.1898973626e+001	
-2.3890865301e+000	1.2385070374e+000	2.3066800897e+001	
-1.8457552778e+000	1.4401443760e+000	2.6895369672e+001	
-1.7255510374e+000	1.5328857110e+000	2.8552176238e+001	
-4.1831447399e+000	1.2007626493e+000	2.1788698427e+001	
-3.9248982429e+000	1.1906174456e+000	2.1537871545e+001	
5.2263186914e+000	1.7694012333e+000	3.2836659433e+001	
6.5178671771e+000	1.7127063719e+000	3.2105120088e+001	
-5.3843442590e+000	1.2125028367e+000	2.1620246051e+001	
-2.6171440846e+000	1.2056213276e+000	2.1758498424e+001	
-2.2760373593e+000	1.3253693742e+000	2.4322163619e+001	
2.0318296890e-002	1.8467178379e+000	3.3450357449e+001	
7.5401806109e+000	1.7197288610e+000	3.1758664061e+001	
-6.5881815760e+000	1.2470337357e+000	2.1840191409e+001	
-1.3931122661e+000	1.7091654463e+000	3.0186792843e+001	
2.0118381170e+000	1.8102509119e+000	3.2463793834e+001	
5.4171825593e+000	1.8011586411e+000	3.2168596108e+001	
5.5610123561e+000	1.7929768695e+000	3.2097844979e+001	
8.7167790561e+000	1.7212143529e+000	3.1190107667e+001	
-1.2608347617e+000	1.8337622806e+000	3.1914713075e+001	
1.1968071445e+000	1.8831800378e+000	3.2817778586e+001	
2.3619267599e+000	1.8457039796e+000	3.2612880379e+001	
3.4488023259e+000	1.8754043243e+000	3.2938896204e+001	
-1.0624705766e+000	1.9581940021e+000	3.3405502020e+001	
3.8368754216e+000	1.8988183081e+000	3.2875569453e+001	
-5.5447731953e+000	1.3017838580e+000	2.1816511290e+001	
3.9835206347e+000	1.9091973534e+000	3.2762383052e+001	
4.3590046006e+000	1.9124405148e+000	3.2603816633e+001	
8.4745030419e+000	1.8406405804e+000	3.1446420741e+001	
-5.7632431764e+000	1.0873260733e+000	1.8066110068e+001	
-5.5148913404e+000	1.2755131910e+000	2.1093248391e+001	
-5.1762860635e+000	1.6553095128e+000	2.7451038043e+001	
-2.6168341041e+000	1.3946093663e+000	2.3257475444e+001	
-2.4677204941e+000	1.3698222325e+000	2.2829126363e+001	
-1.6441306756e+000	1.7479823235e+000	2.8795465815e+001	
1.4285899323e-001	1.9686278543e+000	3.3255381604e+001	
1.5521918265e+000	1.9724718954e+000	3.2756851127e+001	
8.7121568093e+000	1.8698711044e+000	3.1700035459e+001	
-6.5741996654e+000	1.3169923802e+000	2.1727273664e+001	
-6.4195432426e+000	1.6146657403e+000	2.6154385698e+001	
1.8931069144e+000	2.0249634856e+000	3.3355298573e+001	
-6.3353280433e+000	1.3286361759e+000	2.1285556212e+001	
6.6165346016e+000	1.9642484297e+000	3.2198889971e+001	
-4.3528433034e+000	1.3658425100e+000	2.1785775558e+001	
-2.9158530545e+000	1.3416925676e+000	2.1376284005e+001	
1.3046086856e+000	2.0714031492e+000	3.3022123339e+001	
2.2159769660e+000	2.0527521184e+000	3.2876243992e+001	
6.9743429181e+000	1.9770133667e+000	3.2035373797e+001	
7.1105681732e+000	1.9774303171e+000	3.1831004699e+001	
-4.1656340396e+000	1.4011858220e+000	2.1808614176e+001	
-2.8099118278e+000	1.4631870278e+000	2.2891135436e+001	
-1.9262624706e+000	1.7311748710e+000	2.6989694398e+001	
-1.3018175624e+000	1.9217132947e+000	3.0189121515e+001	
7.4654932783e+000	1.9860384076e+000	3.1773390560e+001	
-3.2936420824e+000	1.3856386300e+000	2.1482336923e+001	
4.4506375874e+000	2.0673779740e+000	3.2371728592e+001	
8.7219302555e+000	2.0218035546e+000	3.1554797654e+001	
-6.6267928342e+000	1.4136052286e+000	2.1468970317e+001	
-5.0314642313e+000	1.1778544395e+000	1.7747211976e+001	
-5.7114935743e+000	1.4231911430e+000	2.1600399154e+001	
-3.6106440631e+000	1.4251786771e+000	2.1459062919e+001	
-4.6741236254e+000	1.4618786187e+000	2.1814948635e+001	
-2.5717901015e+000	1.5210816937e+000	2.2937142473e+001	
-2.3136682220e+000	1.6238363294e+000	2.4494338701e+001	
2.6518181323e+000	2.1670421368e+000	3.2635291265e+001	
9.2411969009e-002	2.2327286101e+000	3.3149555444e+001	
3.4808706509e+000	2.2064447393e+000	3.2893501336e+001	
3.7351160807e+000	2.1826118712e+000	3.2411589920e+001	
7.5702437578e+000	2.1000044032e+000	3.1530213020e+001	
-1.4890318687e+000	1.4347895646e+000	2.0923868407e+001	
2.9689969325e+000	2.2511800294e+000	3.3235829277e+001	
3.9919915116e+000	2.2088192632e+000	3.2443744466e+001	
4.3425130226e+000	2.2474913065e+000	3.2980076034e+001	
6.4335305322e+000	2.2008289351e+000	3.2354640364e+001	
-6.9716967174e+000	1.4928453316e+000	2.1226872844e+001	
-6.9741237985e+000	1.5183011340e+000	2.1625253223e+001	
-1.4703549429e+000	2.1105719239e+000	2.9874427589e+001	
5.5912833167e+000	2.2322853629e+000	3.2122189746e+001	
-6.0142171221e+000	1.5344961992e+000	2.1367762603e+001	
1.3310488285e+000	2.3465650170e+000	3.2830786029e+001	
2.0127548626e+000	2.3103969131e+000	3.2816666880e+001	
5.3716900239e+000	2.2421092662e+000	3.2278201716e+001	
7.8492970382e+000	2.2174244190e+000	3.1590122204e+001	
-6.6604805011e+000	1.5727463689e+000	2.1748723220e+001	
-5.3762020413e+000	1.5785906056e+000	2.1847105869e+001	
-3.5139084786e+000	1.5758757142e+000	2.1705629847e+001	
1.1698516389e+000	2.3539136223e+000	3.2739307860e+001	
3.1783631209e+000	2.3116804069e+000	3.2462705450e+001	
-4.4276896606e+000	1.5487631285e+000	2.1222786752e+001	
-2.6753041644e+000	1.5944666305e+000	2.1835016018e+001	
-7.3773244207e-001	2.4397232857e+000	3.3424167939e+001	
-5.1422165283e-002	2.4300022998e+000	3.3033322270e+001	
8.4663679580e+000	2.2781424109e+000	3.1717327149e+001	
-5.6526119908e+000	1.5647765803e+000	2.1225519838e+001	
4.4711271073e+000	2.4083619792e+000	3.2544721598e+001	
8.7080493112e+000	2.2772545111e+000	3.1418327716e+001	
-6.9416063471e+000	1.6108163594e+000	2.1447935243e+001	
-3.6031019044e+000	1.6742788697e+000	2.1665076143e+001	
-6.2733312465e+000	1.6776857076e+000	2.1688462220e+001	
-1.2503477881e+000	2.4572730933e+000	3.1624933304e+001	
2.1434486939e+000	2.5449874780e+000	3.2397370461e+001	
3.4041658816e+000	2.5424195971e+000	3.2709488935e+001	
1.2721239444e+000	2.5814234589e+000	3.2654439980e+001	
3.7829686329e+000	2.5637268363e+000	3.2694607004e+001	
3.9388043733e+000	2.5710671883e+000	3.2563236421e+001	
-3.3128507451e+000	1.7364887407e+000	2.1514864011e+001	
-5.2050317337e-002	2.6673506155e+000	3.3226483887e+001	
4.3278478076e+000	2.5887238352e+000	3.2671421003e+001	
-4.6858778824e+000	1.7514448795e+000	2.1513776918e+001	
3.1867116400e+000	2.6429957723e+000	3.2896182539e+001	
6.7880017808e+000	1.9687865607e+000	2.4464561290e+001	
5.0989969912e+000	2.5680322950e+000	3.1283528656e+001	
6.9517523181e+000	2.6287536013e+000	3.2066710448e+001	
-4.6546846860e-002	2.7209539151e+000	3.2959334400e+001	
6.5767590142e+000	2.6300371278e+000	3.2111181669e+001	
-2.3435195732e+000	2.1120445056e+000	2.5006367126e+001	
-1.3105978140e+000	2.6489399880e+000	3.1511796210e+001	
-2.1566921734e+000	2.2071990372e+000	2.5856594136e+001	
-1.8869714854e+000	2.2853335309e+000	2.6850646500e+001	
-1.7647428823e+000	2.4201617307e+000	2.8412269412e+001	
-1.3915180322e+000	2.5153028079e+000	2.9583895834e+001	
-9.3133102819e-001	2.8073217713e+000	3.2749846469e+001	
5.0474820118e+000	2.7472179367e+000	3.2614093207e+001	
7.0585165666e+000	2.6560501435e+000	3.1794334311e+001	
-2.4349882317e+000	1.9618085138e+000	2.2857724377e+001	
1.8221410078e+000	2.7973951974e+000	3.2804639394e+001	
5.5614088161e+000	2.6424004621e+000	3.1076145792e+001	
-6.2113328181e+000	1.8753262738e+000	2.1662370131e+001	
-4.9272327958e+000	1.7938096029e+000	2.0610210271e+001	
-3.9161926141e+000	1.8866673343e+000	2.1631251639e+001	
-3.5472838049e+000	1.8821890341e+000	2.1843871469e+001	
-7.2372847655e+000	1.8612545091e+000	2.1110638291e+001	
-6.8051904371e+000	1.8679561369e+000	2.1192150237e+001	
-3.0473178332e+000	1.8808112907e+000	2.1503542218e+001	
-1.8866784306e+000	2.4744184799e+000	2.8198922010e+001	
2.8879631397e+000	2.9577365072e+000	3.3941070536e+001	
4.4503539556e+000	2.8447350636e+000	3.2409455229e+001	
-5.8164797468e+000	1.8743555001e+000	2.1181692917e+001	
-3.1665014865e+000	1.8727747549e+000	2.1197874054e+001	
6.3663717934e+000	2.8742305318e+000	3.2362605658e+001	
8.3992586129e+000	2.7584305648e+000	3.1619026089e+001	
-2.6989537486e+000	1.9593665169e+000	2.1890435765e+001	
-2.6872145481e+000	2.0851373269e+000	2.3349378615e+001	
-2.2828035164e+000	2.1619583208e+000	2.4422006104e+001	
8.1744205749e+000	2.7963007959e+000	3.1699089587e+001	
8.7215595355e+000	2.7955021197e+000	3.1570284926e+001	
-4.2445899676e+000	1.8615507951e+000	2.0390287271e+001	
-2.9350942581e+000	1.9689190610e+000	2.1410943174e+001	
5.4512013226e-002	3.0060121162e+000	3.3162856019e+001	
1.1141643409e+000	3.0226857459e+000	3.2916400340e+001	
5.7468544714e+000	2.9530044484e+000	3.1974239170e+001	
-5.8884725922e+000	1.9831828427e+000	2.1092564837e+001	
2.8527720427e+000	3.1392051173e+000	3.3103322061e+001	
6.2579749941e+000	2.9832680519e+000	3.1557443880e+001	
2.2046118050e+000	3.1423899109e+000	3.2888965513e+001	
-2.9513445464e+000	2.0729591891e+000	2.1535554687e+001	
-5.0013084512e+000	2.0142124031e+000	2.0592271224e+001	
-3.7917134197e+000	2.0201385085e+000	2.0692808367e+001	
-3.2462317496e+000	2.0461248652e+000	2.0885060960e+001	
-2.6599959131e+000	2.2542527911e+000	2.3115368852e+001	
-7.1782600595e+000	2.0882951604e+000	2.1071809501e+001	
-2.5193424308e+000	2.2826100102e+000	2.3139573721e+001	
3.2455328395e+000	3.2241181116e+000	3.2969661126e+001	
3.3744363065e+000	3.2112099239e+000	3.2866483769e+001	
3.7410907397e+000	3.1903895526e+000	3.2475925758e+001	
9.1565381301e+000	3.1269333588e+000	3.2188376280e+001	
2.4277519764e+000	3.1988317848e+000	3.2267996820e+001	
3.8929331102e+000	3.2153965932e+000	3.2515886465e+001	
4.3525975461e+000	3.2819045045e+000	3.3084248224e+001	
-6.7518472950e+000	2.1622304818e+000	2.1472190268e+001	
3.0348824885e+000	3.2804073495e+000	3.2682583812e+001	
-3.6760106847e+000	2.1339146598e+000	2.1008998111e+001	
-7.2965696323e+000	2.2300006631e+000	2.1723022490e+001	
-1.5772821086e+000	2.9379357535e+000	2.8830559321e+001	
2.9637476317e-002	3.3931691036e+000	3.3301048202e+001	
-5.0371163367e+000	2.1289724789e+000	2.0659863157e+001	
2.2066318132e+000	3.3308280557e+000	3.2657877391e+001	
6.4208055486e+000	3.3029561218e+000	3.2177979849e+001	
-4.0497075521e+000	2.1654514036e+000	2.0788438557e+001	
-2.1605652149e+000	2.5019386347e+000	2.4150731653e+001	
4.5329038665e+000	3.3285243930e+000	3.2336287304e+001	
6.5177303812e+000	3.2951123825e+000	3.2046905476e+001	
6.9145464167e+000	3.2995150320e+000	3.1909446913e+001	
7.0435535745e+000	3.2869736457e+000	3.1828218964e+001	
1.5556003986e+000	3.4470252288e+000	3.2843189648e+001	
5.6816584291e+000	3.3543575646e+000	3.2154060600e+001	
7.4766631274e+000	3.3165438974e+000	3.1958939915e+001	
8.2889892773e+000	3.2194473330e+000	3.1145623223e+001	
-6.2891037539e+000	2.2391275286e+000	2.1107260947e+001	
-5.1114435371e+000	2.2776130313e+000	2.1422524514e+001	
-4.5015418806e+000	2.1210856366e+000	1.9994942180e+001	
-2.4984284893e+000	2.4114829437e+000	2.2748589288e+001	
-2.4089892143e-001	3.4987585285e+000	3.3054878377e+001	
6.2160891521e+000	3.3694861311e+000	3.2086209497e+001	
-3.5142005619e+000	2.2518652507e+000	2.1047240675e+001	
-2.8061578437e+000	2.3259128056e+000	2.1771714184e+001	
-2.6433672476e+000	2.4566139676e+000	2.3047507926e+001	
-2.3308551558e+000	2.5636277330e+000	2.3872404476e+001	
7.6621170630e+000	3.3758003698e+000	3.1504448330e+001	
-3.2940549500e+000	2.2628154812e+000	2.0832397848e+001	
-2.7638771298e+000	2.4103703824e+000	2.2259217573e+001	
-1.4925214652e+000	3.1556394268e+000	2.8996216297e+001	
-9.9131756748e-001	3.5762761191e+000	3.2987331101e+001	
-6.7423686898e+000	2.3469500440e+000	2.1331426010e+001	
8.7490704413e+000	3.3906802292e+000	3.1225124689e+001	
-6.0807845000e+000	2.3480701431e+000	2.1131729149e+001	
1.1544403257e+000	3.6728583644e+000	3.3357601759e+001	
2.1063812313e+000	3.6192065953e+000	3.2611380060e+001	
-1.8353767865e+000	3.1419541045e+000	2.7927955407e+001	
1.6889034456e-002	3.7064633375e+000	3.3313375241e+001	
8.2198551005e+000	3.5157051196e+000	3.1653802028e+001	
-7.1997782381e+000	2.4297579855e+000	2.1481737902e+001	
-5.1199125366e+000	2.3576370803e+000	2.0825702315e+001	
-4.8004362256e+000	2.3075125435e+000	2.0312831228e+001	
-4.3063488196e+000	2.2831572216e+000	2.0147710464e+001	
-4.1456681309e+000	2.3347078839e+000	2.0629912829e+001	
8.3914243106e+000	3.5074039923e+000	3.1298225007e+001	
-2.2451952558e+001	8.5084273434e+000	7.3960375615e+001	
-2.6633840843e+000	2.6468320783e+000	2.3026786367e+001	
-2.1480722733e+000	2.8711454445e+000	2.4902858319e+001	
2.4040563689e+000	3.7170168871e+000	3.2301107487e+001	
-1.0545561943e+000	3.7950201247e+000	3.2871933076e+001	
-7.8343109503e-001	3.8463532255e+000	3.3443909915e+001	
-1.5482444281e-001	3.8160647053e+000	3.2634901868e+001	
3.6503696548e+000	3.8247513458e+000	3.2921050394e+001	
-6.0331104245e+000	2.4676720221e+000	2.0999768901e+001	
-4.2515714998e+000	2.4264127746e+000	2.0612117735e+001	
-1.4968479723e+000	3.3968544326e+000	2.8930537306e+001	
-4.5270990447e+000	2.3896414054e+000	2.0193033089e+001	
1.2072708075e+000	3.8963550674e+000	3.2900547992e+001	
-5.6169940772e+000	2.4218062044e+000	2.0308980015e+001	
-5.2674280675e+000	2.4959985809e+000	2.0890509188e+001	
-2.7107479894e+000	2.7862038531e+000	2.3295987652e+001	
5.9143728501e+000	3.9550857939e+000	3.2944458235e+001	
-3.7530030883e+000	2.4594659138e+000	2.0254327268e+001	
8.4150934498e-001	3.9541831522e+000	3.2643108669e+001	
1.0511527991e+001	4.8445148917e+000	4.0420135918e+001	
-2.3902431307e+000	2.8790470344e+000	2.3509211868e+001	
-3.1540320159e+000	1.3303055601e+000	1.0802900857e+001	
2.1143563495e+000	3.9945533532e+000	3.2661613350e+001	
2.5403065374e+000	4.0416655070e+000	3.3023823269e+001	
-5.0798981394e+000	2.3849730356e+000	1.9075743061e+001	
-4.7276728190e+000	2.3156147206e+000	1.8525017809e+001	
-3.1423116168e+000	2.6874122760e+000	2.1636882107e+001	
3.5968110136e+000	4.0324136742e+000	3.2362373395e+001	
-2.4019359601e+000	2.9677165686e+000	2.3687486947e+001	
8.6451364295e-002	3.5902633382e+000	2.8489533571e+001	
1.1073116601e+000	3.5350309545e+000	2.8182022126e+001	
3.8270350577e+000	4.0329310445e+000	3.2224396840e+001	
7.6724554620e+000	4.1403844283e+000	3.3344163215e+001	
-4.2657869933e+000	2.4999996265e+000	1.9782716940e+001	
-2.4345215971e+000	2.7914285315e+000	2.2077612932e+001	
2.8667716476e+000	4.0552326947e+000	3.1964684198e+001	
4.9252073562e+000	4.0664737707e+000	3.2160881018e+001	
6.7925476701e+000	3.9402419809e+000	3.1462504366e+001	
-2.2797475454e+000	2.9967928961e+000	2.3621262682e+001	
-5.1622568999e+000	2.4473576402e+000	1.9050514455e+001	
-5.5191958269e+000	2.4402371250e+000	1.8845348067e+001	
-5.4050763446e+000	2.5328932955e+000	1.9528245137e+001	
-2.6779107224e+000	2.8164666700e+000	2.1814539006e+001	
3.2121319623e+000	1.3585025060e+000	1.0628489460e+001	
-3.2397561601e-001	3.3193114414e+000	2.5357044997e+001	
2.1560498292e+000	4.4469263620e+000	3.4143043962e+001	
-2.7052602270e+000	2.7597396997e+000	2.0851808698e+001	
-1.7923694552e+000	3.0216292495e+000	2.2883935983e+001	
1.2960570968e+000	3.7785261209e+000	2.8710467856e+001	
-4.2668059534e+000	2.5395452162e+000	1.8993362145e+001	
-3.6739507247e+000	2.5937071880e+000	1.9328891954e+001	
-3.5438028141e+000	2.6032505677e+000	1.9450555508e+001	
-3.2324542732e+000	2.6579248569e+000	1.9927469043e+001	
1.0187524897e+000	3.4570332884e+000	2.5984581781e+001	
8.1172600547e+000	4.1752134105e+000	3.1623217157e+001	
-4.5329095670e+000	2.5192865614e+000	1.8736469346e+001	
2.1021192533e+000	9.9176236881e-001	7.4465471080e+000	
-7.3679754853e+000	3.0295993921e+000	2.2417947891e+001	
-2.8792718849e+000	2.7043476590e+000	1.9892683709e+001	
3.6360100133e+000	4.0917447971e+000	3.0533502418e+001	
1.5274923708e+000	1.6978781215e+000	1.2681691681e+001	
4.0736295179e+000	3.8947437754e+000	2.8775526470e+001	
4.5320340699e+000	3.8504354339e+000	2.8385038860e+001	
5.2859297753e+000	4.3718503636e+000	3.2394469006e+001	
8.2043330450e+000	4.6366367681e+000	3.4237970754e+001	
8.2406222091e+000	4.1942273122e+000	3.0927120516e+001	
-3.1314253291e+000	1.3603621972e+000	9.9226264287e+000	
-5.0373265524e+000	2.2977868836e+000	1.6754438558e+001	
-1.8884671831e+000	2.9141771942e+000	2.1233524315e+001	
2.7385755152e+000	2.1208463643e+000	1.5555626497e+001	
5.4422637819e+000	3.9334735391e+000	2.9010461356e+001	
3.1123388774e+000	1.6895978549e+000	1.2349833661e+001	
3.8248571773e+000	1.5092703342e+000	1.1077838847e+001	
-4.6302407004e+000	2.4046255826e+000	1.7444877813e+001	
1.7390927353e+000	3.4195034641e+000	2.4890318119e+001	
3.4498486520e-001	3.2130833648e+000	2.3237529717e+001	
5.8918196508e+000	3.6505778926e+000	2.6425014348e+001	
-4.7555872952e+000	2.3152826430e+000	1.6571768796e+001	
7.3236101147e+000	4.3842571746e+000	3.1552972698e+001	
-4.8905562957e+000	2.3828928924e+000	1.6666897780e+001	
-2.9321551522e+000	2.5988522204e+000	1.8290823857e+001	
-1.9918095637e+000	2.6862687072e+000	1.8630680114e+001	
9.9124587277e-001	3.1799126336e+000	2.2124129555e+001	
3.5390493030e+000	1.5676153265e+000	1.0998019290e+001	
-9.9512617566e-001	2.8045965090e+000	1.9339572759e+001	
2.4210353229e+000	3.3213526907e+000	2.3032749027e+001	
3.8342777307e+000	1.6262321009e+000	1.1133021960e+001	
-6.0730615902e-001	2.9080797390e+000	1.9643451610e+001	
-7.1511597539e-002	2.9257963575e+000	1.9683222543e+001	
-4.5032433026e+000	2.2051068638e+000	1.4620355259e+001	
-6.3155642533e-001	2.7182982795e+000	1.8083997834e+001	
-3.7708836185e-001	2.8257116690e+000	1.8826925627e+001	
5.2522502015e+000	3.5032018691e+000	2.3371200186e+001	
1.3059466525e+000	3.0062927601e+000	1.9885546745e+001	
-1.8645452910e+000	2.4060090137e+000	1.5855523963e+001	
-1.4657429113e+000	2.5501678866e+000	1.6721272129e+001	
-1.0305711246e+000	2.7185093766e+000	1.7893819303e+001	
2.9405832578e+000	3.2473704800e+000	2.1260260302e+001	
5.7972620904e+000	3.5640774627e+000	2.3365176010e+001	
2.6122159838e+000	3.1743963727e+000	2.0313113097e+001	
1.4868025904e+000	3.0125409513e+000	1.9116776021e+001	
2.5540568294e-001	2.7649898834e+000	1.7470899801e+001	
-7.5469658885e-001	2.6369901169e+000	1.6367208538e+001	
1.3957591886e+000	2.6505745405e+000	1.6409121379e+001	
-3.3181668633e+000	2.0276307290e+000	1.2414600988e+001	
-2.1034619009e+000	2.2202924986e+000	1.3580520788e+001	
-2.3810872223e-001	2.7052542307e+000	1.6618924512e+001	
-1.6695934613e+000	2.3448415376e+000	1.4269307432e+001	
1.7378989060e+000	2.8773979407e+000	1.7492361823e+001	
3.8982708654e+000	3.1964911545e+000	1.9508646031e+001	
1.0495598240e-001	2.7479683919e+000	1.6604873200e+001	
-1.0881635826e+000	2.4535921861e+000	1.4818572487e+001	
3.0828501132e+000	3.0807530154e+000	1.8608562390e+001	
-3.4645433706e+000	1.7942254125e+000	1.0684546808e+001	
3.5811213342e+000	3.1207618014e+000	1.8848266113e+001	
3.7358422355e+000	1.7975259364e+000	1.0877470400e+001	
-2.4253580593e+000	2.0439611622e+000	1.2180465618e+001	
1.2771826780e+000	4.5151473422e+000	2.7004712226e+001	
-2.2672558580e+000	2.0863692941e+000	1.2376529765e+001	
-2.2124286447e+000	2.1065850278e+000	1.2420257920e+001	
-8.2823065542e-001	1.4567442756e+000	8.5743915114e+000	
-3.4834844335e+000	1.8706303020e+000	1.0991452476e+001	
-2.0383571751e-001	2.5084213628e+000	1.4607816156e+001	
3.3453334163e+000	3.0191031844e+000	1.7611580883e+001	
-1.8390000205e+000	2.2094033521e+000	1.2802722342e+001	
-6.4022000664e-001	2.5057794362e+000	1.4559672609e+001	
1.4179081968e+000	2.8561213970e+000	1.6596202695e+001	
9.7298960630e-001	2.8159760454e+000	1.6224270629e+001	
1.1370276408e+000	2.8464419830e+000	1.6420076289e+001	
-9.6720606535e-001	2.3530872486e+000	1.3511814551e+001	
-2.2955000483e+000	2.0361321258e+000	1.1588646381e+001	
-2.3561896894e+000	2.0356031806e+000	1.1589131777e+001	
-1.3602851898e+000	2.2662237252e+000	1.2912205128e+001	
3.1619887863e-001	2.5405512467e+000	1.4433482988e+001	
8.4465430666e-001	1.5997254307e+000	9.0812588293e+000	
-1.6511970403e-002	2.5133393119e+000	1.4242598560e+001	
-3.1090234844e+000	1.8459705705e+000	1.0383945908e+001	
-1.8333403531e-001	2.4623108301e+000	1.3848717774e+001	
1.0373840895e-001	2.5026644803e+000	1.4134315825e+001	
-3.3326606341e+000	1.7923693965e+000	9.9930782879e+000	
-3.2247797587e+000	1.8400413169e+000	1.0259875759e+001	
-2.6429069474e+000	1.9035095163e+000	1.0686238308e+001	
-3.0137410711e+000	1.8536445437e+000	1.0311906516e+001	
5.1607806077e+000	3.1566880216e+000	1.7637838059e+001	
-1.0876165679e+000	2.2671254445e+000	1.2571938093e+001	
-6.5675833903e-001	2.3304405541e+000	1.2906999001e+001	
4.0488475361e+000	3.0279398263e+000	1.6797592644e+001	
-1.2075274008e+000	2.2045526952e+000	1.2046495494e+001	
-7.5413457789e-001	2.3333669418e+000	1.2815584608e+001	
1.0493651388e+000	2.5957970494e+000	1.4219643213e+001	
3.2154538517e+000	3.2953674111e+000	1.8094019955e+001	
3.9762192690e+000	2.7026290026e+000	1.4900878662e+001	
-8.4362951485e-001	2.3183183979e+000	1.2694770597e+001	
5.6102635697e-001	2.5417556541e+000	1.3903396713e+001	
3.5399436159e+000	3.3229993271e+000	1.8221158526e+001	
3.7566311117e+000	3.4099825198e+000	1.8634485012e+001	
1.7516220185e+000	2.6624373096e+000	1.4456857978e+001	
7.5013028944e-001	2.5586064510e+000	1.3866872771e+001	
1.6310034559e+000	2.6752847540e+000	1.4478121707e+001	
2.0713624419e+000	1.4857761726e+000	8.0430263116e+000	
-2.7536914891e+000	1.8207141523e+000	9.7948383527e+000	
-1.3115098618e+000	2.0620440099e+000	1.1052529924e+001	
-4.5037831346e-001	2.2946729971e+000	1.2316265177e+001	
-2.2738152849e+000	1.9391029034e+000	1.0399192469e+001	
3.8879451086e+000	2.9788217154e+000	1.5939909084e+001	
4.4813369348e+000	3.0587069111e+000	1.6420674896e+001	
-2.3289774410e+000	1.9411709994e+000	1.0334093730e+001	
-2.4621034296e+000	1.8767851485e+000	9.9160190861e+000	
3.3245318112e-001	1.6635090774e+000	8.7736652340e+000	
1.4588677909e+000	2.6554398885e+000	1.4108450208e+001	
1.8618136777e+000	2.7341754889e+000	1.4459163868e+001	
2.5700074777e+000	2.7780091678e+000	1.4626555631e+001	
-2.0852748426e+000	1.9547207135e+000	1.0204420025e+001	
-1.9104110901e+000	1.9602941172e+000	1.0217802984e+001	
-1.8328962365e+000	1.9788146768e+000	1.0330149103e+001	
-1.5472278482e+000	2.0372381647e+000	1.0616365770e+001	
2.2680635022e+000	2.7866406236e+000	1.4513850284e+001	
3.8357726680e+000	2.9002663649e+000	1.4985239199e+001	
2.7730128211e+000	2.7616926514e+000	1.4260489629e+001	
3.3799350927e+000	3.2201661567e+000	1.6520362142e+001	
-1.6463734495e+000	2.0119006945e+000	1.0255028529e+001	
-2.7180782754e+000	1.7748869959e+000	9.0010307049e+000	
-1.3398154272e+000	2.1273034885e+000	1.0788312028e+001	
3.6322087871e+000	2.8347818993e+000	1.4422172924e+001	
-1.9592072224e+000	1.9091026832e+000	9.6142962005e+000	
-1.8978637117e+000	1.9953540991e+000	1.0010967662e+001	
-1.3958317239e+000	2.0594256907e+000	1.0283893777e+001	
3.4042236362e+000	3.2770369440e+000	1.6340560295e+001	
-1.8385293490e+000	1.9188800049e+000	9.5403269269e+000	
-1.0856663681e+000	2.0754636937e+000	1.0295020295e+001	
3.7005798521e+000	2.8573629707e+000	1.4231027181e+001	
4.3151898481e+000	2.9319549394e+000	1.4586136421e+001	
-2.5669356288e+000	1.8121630183e+000	8.9387761737e+000	
-2.1887419508e+000	1.8191454081e+000	8.9231745079e+000	
9.9986011118e-001	2.3600785465e+000	1.1592528856e+001	
3.6322911984e+000	2.1387496716e+000	1.0539376534e+001	
-1.7970254901e+000	1.9009247627e+000	9.2121453173e+000	
-1.2417489845e+000	2.0756276091e+000	1.0049356858e+001	
-7.3003451889e-001	2.1148282386e+000	1.0179639514e+001	
-7.1265021801e-001	2.1662159346e+000	1.0446467567e+001	
-1.8452771265e+000	1.8887679440e+000	9.1120589662e+000	
-2.6023828172e+000	1.7058981014e+000	8.1516947101e+000	
-2.1302441386e+000	1.8024823197e+000	8.6578064210e+000	
5.8998005371e+000	5.5762731192e+000	2.6855247331e+001	
-1.0049224790e+000	2.0574762726e+000	9.7984272357e+000	
-2.2310695916e+000	1.7631287256e+000	8.3163720867e+000	
-1.5584672038e+000	1.9546713428e+000	9.1742681767e+000	
-1.8640802832e+000	1.8654528502e+000	8.7021205794e+000	
-1.6684156222e+000	1.9357730817e+000	9.0027712689e+000	
-1.3015534229e+000	1.9379375589e+000	9.0504003355e+000	
-1.9045099645e+000	1.8381811828e+000	8.5046494843e+000	
-1.7461186368e+000	1.9068698750e+000	8.8162968714e+000	
-1.9396527482e+000	1.8243061193e+000	8.4204943763e+000	
-1.7976317859e+000	1.9096726051e+000	8.7654585181e+000	
8.6617413610e-003	2.1453460633e+000	9.8571259205e+000	
-1.2825436458e+000	1.9242036310e+000	8.7280429052e+000	
3.4999796886e+000	2.6097700041e+000	1.1721036015e+001	
-3.9389219052e-001	2.5730206840e+000	1.1542786738e+001	
-2.0077445910e+000	2.0636765550e+000	9.1946167329e+000	
-1.6834464367e+000	1.9505042351e+000	8.6912179855e+000	
-1.4067467049e+000	1.9167386813e+000	8.5426456407e+000	
3.6421834827e+000	2.3826832302e+000	1.0577108295e+001	
-2.0546520671e+000	1.7139782723e+000	7.5456483842e+000	
1.0595609602e+000	2.2327671992e+000	9.8261893781e+000	
-1.6712561589e+000	1.8937430931e+000	8.3223648443e+000	
-2.0850916443e+000	1.7022302944e+000	7.3188553951e+000	
-1.3970924619e+000	1.2220205639e+000	5.2537241762e+000	
-2.1373861311e+000	1.6941962004e+000	7.2237174398e+000	
-1.3581212349e+000	2.1002314963e+000	8.9062340598e+000	
-8.9604486881e-001	1.9443483568e+000	8.2723830054e+000	
-1.6076149006e+000	1.8107555699e+000	7.6012234846e+000	
-1.9811421193e+000	1.7599117916e+000	7.3635387066e+000	
-1.5221451355e+001	-1.1729927625e+001	4.9510574446e+001	
-1.4042569599e+001	-1.0247754482e+001	4.9570737264e+001	
1.1570976478e+000	-4.0322462351e+000	2.0244943533e+001	
-1.4440141128e+001	-7.9404434130e+000	4.2943945857e+001	
2.2371091233e+000	-1.2892159326e+000	9.1605353261e+000	
5.0278272058e+000	-2.0595240582e+000	1.6040412867e+001	
-7.8333309760e-001	-2.5983736089e+000	2.2712178072e+001	
1.2455900377e+000	-1.5665406945e+000	1.4467081515e+001	
1.7622411145e+000	-6.6529155200e-001	6.2831723712e+000	
-3.9948938499e+000	-5.3082732463e+000	5.0490131241e+001	
1.0497254729e+001	-3.0719093054e+000	3.7211432260e+001	
-8.6559300770e+000	-1.1083007110e+000	3.5078667414e+001	
-1.7578799724e+000	-1.1121719417e-001	8.3236906939e+000	
-3.6347647096e+000	-1.5710409089e-001	1.3120213293e+001	
-2.9537956175e+000	2.6737119586e-001	1.5331952800e+001	
-4.4035915028e+000	9.6354691495e-001	3.3155389794e+001	
1.3703441884e+000	3.4954855323e-001	7.8958450078e+000	
-3.5962214767e+000	7.4106863939e-001	1.5363777296e+001	
-4.9412789879e+000	1.2760820888e+000	1.8303253703e+001	
4.1957831716e+000	2.3445550251e+000	1.8882116776e+001	
-1.2185997706e+000	1.4874208213e+000	9.4663146578e+000	
5.9880978154e+000	3.5294028374e+000	2.2123623419e+001	
-7.4390502213e-002	1.9681952710e+000	1.1284387273e+001	
-5.1554560285e-001	1.7646424512e+000	9.3385870167e+000	
-3.2736291255e-001	2.2449654574e+000	1.1705591025e+001	
1.9245014044e+000	1.5726315902e+000	7.9314585036e+000	
1.3586537226e+000	2.2785399925e+000	1.0156437869e+001	
3.5895068089e+000	2.5126061757e+000	1.0451631333e+001	
6.6299737705e-001	2.7197627204e+000	1.1178599966e+001	
4.5054333323e+000	-1.7863840818e+000	1.3050897870e+001	
1.9399423905e+000	-2.1599539875e+001	1.9807848680e+002	
-7.1851471245e+000	-8.9916610301e-001	3.6388632038e+001	
-2.3976972611e+000	1.6533691766e+000	7.5097214026e+000	
-9.2006379994e+000	-1.4117299733e+000	3.7888839078e+001	
-1.0266048004e+000	-4.2193546322e-001	5.4572474999e+000	
