1.4787276124e+002	1.8333265757e+001	1.7995701935e+002	5.4125559519e+001	
1.4594396362e+002	2.5530897110e+001	1.7826428628e+002	6.1209901837e+001	
2.2481646178e+002	3.1006417815e+001	2.7207297145e+002	6.0331670799e+001	
2.9717863581e+001	3.5084562342e+001	9.4220458534e+001	7.5582947466e+001	
2.4426347477e+002	3.3356164403e+001	2.9142519474e+002	6.1391080603e+001	
2.1237629055e+001	3.7433956764e+001	8.6542642200e+001	7.8342332176e+001	
1.3703443539e+002	4.4454036561e+001	1.7047262652e+002	8.0040168246e+001	
1.4571047691e+002	4.3999421166e+001	1.7884125004e+002	7.9070505354e+001	
1.2768660485e+002	4.7980178688e+001	1.6150630610e+002	8.4021397382e+001	
6.7212164536e+001	5.2538060871e+001	1.3123725179e+002	9.0154288544e+001	
1.6154498907e+002	5.2469434873e+001	1.9459122515e+002	8.6295219137e+001	
6.8101050401e+002	6.1427994691e+001	7.3171194528e+002	6.1649588012e+001	
6.9412817897e+002	6.1228132063e+001	7.4519201778e+002	6.0612999810e+001	
6.4422117875e+002	6.2345110987e+001	6.9367622575e+002	6.4930518685e+001	
7.0385641650e+002	6.2307522172e+001	7.5513752401e+002	6.1092057156e+001	
7.6824068131e+001	6.4885302340e+001	1.4209136359e+002	1.0146794704e+002	
5.6784069340e+002	6.3865625585e+001	6.1626543534e+002	7.1241598601e+001	
5.9287152891e+002	6.3179491886e+001	6.4152268418e+002	6.8993165546e+001	
7.4053324572e+002	6.4292900847e+001	6.8818137926e+002	6.7636275954e+001	
5.0527824679e+002	6.4895458058e+001	5.5323581146e+002	7.6160979599e+001	
5.3207302840e+002	6.4774415390e+001	5.8027578885e+002	7.4372506620e+001	
5.4126026402e+002	6.5502001593e+001	5.8901335035e+002	7.4565086784e+001	
4.7203774652e+002	6.6487448535e+001	5.1906099123e+002	7.9858856356e+001	
5.1901243075e+002	6.6581920640e+001	5.6725237287e+002	7.6983943723e+001	
7.5165623652e+002	6.6583686410e+001	7.0372695556e+002	6.8941484985e+001	
2.8563408370e+002	6.7131874149e+001	3.3520028930e+002	9.1807013624e+001	
4.8515258541e+002	6.7051790987e+001	5.3255689027e+002	7.9590377440e+001	
5.8285233572e+002	6.6971242612e+001	6.5765935329e+002	7.1721580208e+001	
3.8429790217e+002	6.8653144406e+001	4.3306407608e+002	8.7293578382e+001	
4.0521957223e+002	6.8163759514e+001	4.5394800208e+002	8.5525022554e+001	
4.3324016609e+002	6.8438051454e+001	4.8144433129e+002	8.4110218784e+001	
4.5826401398e+002	6.9232362659e+001	4.8930444457e+002	8.4474546047e+001	
1.3720842835e+002	7.1732813704e+001	1.7156359246e+002	1.0641045982e+002	
3.3684587715e+002	7.2018656684e+001	3.8515751326e+002	9.3563555908e+001	
6.4419692638e+002	7.0633239387e+001	6.9446476403e+002	7.3247165246e+001	
1.5730979836e+002	7.2052804165e+001	1.9206211565e+002	1.0546307922e+002	
2.8993073236e+002	7.3056972078e+001	3.3962447215e+002	9.7369503806e+001	
3.2852064809e+002	7.2990621181e+001	3.7187531944e+002	9.5349454299e+001	
1.2750188501e+002	7.3540504246e+001	1.6232902713e+002	1.0872708094e+002	
4.4064766134e+002	7.4776849124e+001	4.8885102973e+002	8.9965144316e+001	
6.6432839548e+002	7.4572932154e+001	7.1403669097e+002	7.6034709777e+001	
6.2383193302e+002	7.6639233570e+001	6.7280330470e+002	8.0631442167e+001	
2.7549259863e+002	7.8098507593e+001	3.2554366987e+002	1.0319018439e+002	
1.4388535970e+002	7.9123194388e+001	1.7866222410e+002	1.1314490413e+002	
1.7327025649e+002	7.9749575071e+001	2.0708482328e+002	1.1202927827e+002	
3.6104153621e+002	8.0740146331e+001	4.0909948574e+002	1.0073126479e+002	
1.1224477343e+002	8.2780353957e+001	1.4832275521e+002	1.1852662343e+002	
1.7245575962e+002	8.4826951706e+001	2.0640176267e+002	1.1700789575e+002	
3.5181880671e+002	8.5423140326e+001	4.0113637445e+002	1.0584534209e+002	
4.6051251126e+002	8.5077712680e+001	5.0710877097e+002	9.9121404576e+001	
1.7885781822e+002	8.9764400190e+001	2.2178402863e+002	1.2088717307e+002	
4.7018619694e+002	8.8309822629e+001	5.1740268507e+002	1.0172471288e+002	
5.4991514530e+001	9.1576802595e+001	1.2205958986e+002	1.2862049270e+002	
1.1505718325e+002	9.0368527600e+001	1.5138002585e+002	1.2569109548e+002	
4.1232663241e+002	9.3147992847e+001	4.6008033932e+002	1.0997163045e+002	
1.6162806476e+002	9.5959159102e+001	1.9550823069e+002	1.2848166578e+002	
5.5958351372e+002	9.5324796371e+001	6.0789652819e+002	1.0333635970e+002	
1.2342820451e+002	9.5688136161e+001	1.5948722992e+002	1.3036170650e+002	
1.4055129382e+002	9.6110957621e+001	1.7620896880e+002	1.2977759905e+002	
3.7265351730e+002	9.8618530337e+001	4.2086600734e+002	1.1773235745e+002	
5.5828001169e+002	9.9794967389e+001	6.0533317108e+002	1.0797436902e+002	
6.8384371076e+002	9.9166630075e+001	7.3431914140e+002	9.9701868985e+001	
1.4039035831e+002	1.0171724142e+002	1.7601662703e+002	1.3523011182e+002	
1.7889815817e+002	1.0061725311e+002	2.1307300185e+002	1.3197113573e+002	
5.2250518817e+002	1.0107822150e+002	5.6754714282e+002	1.1149345132e+002	
5.3851468310e+002	1.0058130523e+002	5.8318456167e+002	1.1007033579e+002	
1.1351706676e+002	1.0250505663e+002	1.5057294545e+002	1.3749656506e+002	
3.3473070579e+002	1.0271353374e+002	3.8100809338e+002	1.2413697700e+002	
5.2935700117e+002	1.0221820852e+002	5.7507939244e+002	1.1219078506e+002	
1.3267510500e+002	1.0548407729e+002	1.6833737231e+002	1.3933692914e+002	
6.6413876569e+002	1.0547870381e+002	7.1314407245e+002	1.0733813146e+002	
7.0140869276e+002	1.0534639125e+002	7.5157527064e+002	1.0494382775e+002	
1.5750074636e+002	1.0868823977e+002	1.9331234775e+002	1.4098606866e+002	
5.4902243603e+002	1.0843792554e+002	5.9626179332e+002	1.1718182806e+002	
3.4508912446e+002	1.0913717219e+002	3.9142948757e+002	1.2987280822e+002	
5.1977013911e+002	1.0919184428e+002	5.6513980410e+002	1.1975571773e+002	
5.2526168225e+002	1.0896974219e+002	5.7112231620e+002	1.1918437000e+002	
5.3362939782e+002	1.0920806246e+002	5.7971689272e+002	1.1892022723e+002	
6.1553579524e+002	1.0822677094e+002	6.6462702596e+002	1.1296459871e+002	
3.3176896305e+002	1.1059343199e+002	3.7822576128e+002	1.3208388597e+002	
3.3654172667e+002	1.1039127464e+002	3.8291305347e+002	1.3161017848e+002	
3.6733946001e+002	1.0983412080e+002	4.1542973806e+002	1.2916422798e+002	
3.8062777063e+002	1.1055711587e+002	4.2842479472e+002	1.2912042428e+002	
5.0276561035e+002	1.0926898065e+002	5.4821277278e+002	1.2082443984e+002	
5.7320573580e+002	1.0950310772e+002	6.2078421870e+002	1.1681516312e+002	
7.1586514278e+002	1.0911934505e+002	7.6370853744e+002	1.0805105949e+002	
1.3880924765e+002	1.1139511120e+002	1.7470868276e+002	1.4470084977e+002	
8.7690907393e+001	1.1409889178e+002	1.2646188837e+002	1.5013446041e+002	
3.8987980451e+002	1.1546301760e+002	4.3708743923e+002	1.3347959238e+002	
6.5755070444e+002	1.1418216314e+002	7.0698578081e+002	1.1650044782e+002	
3.1239871438e+002	1.1725958487e+002	3.5953855228e+002	1.3975309462e+002	
3.3085443124e+002	1.1868656193e+002	3.7787424922e+002	1.4010061025e+002	
3.3674412657e+002	1.1846263171e+002	3.8344284131e+002	1.3955600782e+002	
5.1070335213e+002	1.1769836558e+002	5.5657236728e+002	1.2876801252e+002	
5.1952333947e+002	1.1763180923e+002	5.6529814825e+002	1.2819503965e+002	
5.2518169634e+002	1.1783162265e+002	5.7104195012e+002	1.2806238764e+002	
5.2882923655e+002	1.1782029206e+002	5.7460945902e+002	1.2784384700e+002	
5.3335650687e+002	1.1767516823e+002	5.7977785441e+002	1.2740148489e+002	
1.7221449515e+002	1.1880621165e+002	2.0782066332e+002	1.4998421997e+002	
5.5473744008e+002	1.1913390005e+002	6.0283691134e+002	1.2753550029e+002	
5.0080147513e+002	1.1985167327e+002	5.4661547176e+002	1.3149763900e+002	
8.7009893027e+001	1.2269806151e+002	1.2607700893e+002	1.5847673978e+002	
3.8926904081e+002	1.2255095514e+002	4.3694805978e+002	1.4052242384e+002	
5.2500069640e+002	1.2540943076e+002	5.7124569703e+002	1.3564111258e+002	
5.2914161557e+002	1.2570370040e+002	5.7642576239e+002	1.3564399923e+002	
3.2384488973e+002	1.2688346977e+002	3.7076043048e+002	1.4860461773e+002	
3.4357868805e+002	1.2672152290e+002	3.9050967439e+002	1.4731484772e+002	
5.1057482587e+002	1.2616562453e+002	5.5661305016e+002	1.3723724248e+002	
5.1900687644e+002	1.2619305600e+002	5.6572437682e+002	1.3674550974e+002	
5.3354550089e+002	1.2624962432e+002	5.7987957814e+002	1.3598744309e+002	
3.3061431158e+002	1.2710580899e+002	3.7800740442e+002	1.4841254845e+002	
5.1424367425e+002	1.2644252658e+002	5.6119531955e+002	1.3725649283e+002	
8.7812326835e+001	1.2840924752e+002	1.2722202821e+002	1.6393925819e+002	
1.6338375483e+002	1.2923058362e+002	2.0059157143e+002	1.6055147278e+002	
1.7876674287e+002	1.2918193062e+002	2.1354374765e+002	1.5975247728e+002	
1.3974508611e+002	1.2940978228e+002	1.9054711558e+002	1.6138217888e+002	
1.2901454713e+002	1.3163860720e+002	1.6733091473e+002	1.6478632607e+002	
3.0545175239e+002	1.3203940657e+002	3.5367554067e+002	1.5467505299e+002	
1.0214071020e+002	1.3336142851e+002	1.4085130415e+002	1.6795709596e+002	
3.2257955529e+002	1.3370073971e+002	3.7047015442e+002	1.5535952087e+002	
3.3585603209e+002	1.3354953863e+002	3.8329759721e+002	1.5447962795e+002	
3.4396487336e+002	1.3316628868e+002	3.9161886715e+002	1.5362998172e+002	
3.9785294705e+002	1.3257684178e+002	4.4484755393e+002	1.5001784375e+002	
5.1916107128e+002	1.3327395767e+002	5.6600551360e+002	1.4382013720e+002	
1.2436191642e+002	1.3435366983e+002	1.6180543674e+002	1.6772742839e+002	
2.8792894959e+002	1.3346369813e+002	3.3610725050e+002	1.5707561636e+002	
3.3074247294e+002	1.3408713452e+002	3.7855101558e+002	1.5528261070e+002	
6.2492048412e+002	1.3300512867e+002	6.2990610224e+002	1.3963594272e+002	
6.3729076811e+002	1.3284935663e+002	6.8249395112e+002	1.3674478453e+002	
1.5822043867e+002	1.3477637136e+002	1.9511181232e+002	1.6625508245e+002	
1.8810249858e+002	1.3539865939e+002	2.2257412522e+002	1.6529441605e+002	
3.1493722373e+002	1.3502260292e+002	3.6312315307e+002	1.5708294217e+002	
3.5420887353e+002	1.3477456824e+002	4.0313739105e+002	1.5457727960e+002	
5.3967368801e+002	1.3447863936e+002	5.8654845236e+002	1.4385894590e+002	
5.4978970697e+002	1.3434071948e+002	5.9847102963e+002	1.4305500848e+002	
1.1279851627e+002	1.3604273117e+002	1.5161397906e+002	1.6994973166e+002	
7.0999424778e+002	1.3445500104e+002	7.0393778731e+002	1.3679818722e+002	
2.1935978342e+002	1.3773777131e+002	2.5336172099e+002	1.6583869459e+002	
1.5756751803e+002	1.4009094213e+002	1.9416715375e+002	1.7147517291e+002	
1.4345577840e+002	1.4102147159e+002	1.8094395698e+002	1.7312695997e+002	
3.2384851509e+002	1.4378068846e+002	3.7193005901e+002	1.6523531580e+002	
3.4880696544e+002	1.4391341174e+002	3.9688576018e+002	1.6396973198e+002	
5.3383093733e+002	1.4368191954e+002	5.8109701379e+002	1.5339789357e+002	
5.8000092571e+002	1.4318207986e+002	6.2678330478e+002	1.5032176395e+002	
8.8506802940e+001	1.4529361193e+002	1.2859268568e+002	1.8020943432e+002	
1.9335490775e+002	1.4530204216e+002	2.2820462113e+002	1.7463505780e+002	
3.6959233744e+002	1.4546426128e+002	4.1712029311e+002	1.6436909058e+002	
6.3657702903e+001	1.4603391704e+002	1.0506023788e+002	1.8224248852e+002	
7.4447029994e+002	1.4550003563e+002	7.4026637558e+002	1.4584557628e+002	
1.4332233509e+002	1.4731745691e+002	1.8184451949e+002	1.7920483478e+002	
2.0271372878e+002	1.4680621753e+002	2.3802213095e+002	1.7556057725e+002	
2.3288339921e+002	1.4712387250e+002	2.7502493767e+002	1.7387699573e+002	
2.8609628145e+002	1.4782961697e+002	3.2455833226e+002	1.7178279559e+002	
2.9649607187e+002	1.4888303081e+002	3.3500989968e+002	1.7223842389e+002	
3.1352987000e+001	1.5270454659e+002	8.0157707699e+001	1.9013077462e+002	
5.6069838462e+002	1.5218446506e+002	6.1007167196e+002	1.6033036328e+002	
1.7695956710e+002	1.5370748723e+002	2.1347392995e+002	1.8365798250e+002	
8.4406656853e+001	1.5477961392e+002	1.2462815354e+002	1.8961185916e+002	
3.2094880362e+002	1.5445775813e+002	3.6900464825e+002	1.7594493309e+002	
6.9130844970e+002	1.5304305329e+002	7.4261602137e+002	1.5382898554e+002	
2.0205714559e+002	1.5555936915e+002	2.3808015046e+002	1.8410729773e+002	
3.1227737747e+002	1.5559900709e+002	3.6119933923e+002	1.7751119875e+002	
4.1682520262e+002	1.5553080381e+002	4.6485969342e+002	1.7171645962e+002	
1.6583531889e+002	1.5697426691e+002	2.0371039741e+002	1.8738954602e+002	
6.7102031032e+002	1.5569265339e+002	7.2120501439e+002	1.5769510014e+002	
6.2288097964e+001	1.5789226535e+002	1.0398483558e+002	1.9376561715e+002	
4.4612556764e+002	1.5761303549e+002	4.9441402086e+002	1.7216153155e+002	
6.2103823100e+001	1.6067440364e+002	1.0401471832e+002	1.9645557558e+002	
3.6940639896e+002	1.6090048683e+002	4.1788612448e+002	1.7963809344e+002	
7.6047459293e+001	1.6320992937e+002	1.1792400778e+002	1.9815422441e+002	
4.1550362769e+002	1.6158848782e+002	4.6395825915e+002	1.7779650400e+002	
4.7102727014e+002	1.6144961453e+002	5.3679164545e+002	1.7385442096e+002	
1.3313986073e+002	1.6298055522e+002	1.7195045408e+002	1.9497139368e+002	
1.7947690621e+002	1.6364735361e+002	2.1612135848e+002	1.9320067543e+002	
2.9657062802e+002	1.6340392290e+002	3.3527262180e+002	1.8651204160e+002	
3.6423097822e+002	1.6387223495e+002	4.1368383804e+002	1.8282523766e+002	
5.1747566872e+002	1.6229094407e+002	5.5915635938e+002	1.7319916281e+002	
6.0026847297e+002	1.6236505310e+002	6.4965943092e+002	1.6838448037e+002	
5.9344117875e+002	1.6295217989e+002	6.6282048603e+002	1.6847726911e+002	
2.7828405997e+002	1.6502207882e+002	3.1776978433e+002	1.8906422977e+002	
6.5427582187e+002	1.6475192657e+002	6.0008308526e+002	1.7232932775e+002	
6.7797326589e+002	1.6432390663e+002	7.2945302455e+002	1.6599594305e+002	
6.9010900688e+002	1.6371137851e+002	7.4099460322e+002	1.6473279264e+002	
7.3566846529e+002	1.6363586657e+002	7.4791605204e+002	1.6384247209e+002	
1.5654791634e+002	1.6732179394e+002	1.9334338707e+002	1.9801179529e+002	
1.9171670877e+002	1.6700476632e+002	2.2673607181e+002	1.9588014540e+002	
3.7282418955e+002	1.6594960164e+002	4.2172705728e+002	1.8444044603e+002	
2.3729211007e+002	1.6832064723e+002	2.7186989045e+002	1.9472429568e+002	
2.5872068830e+002	1.6681417426e+002	2.9257601229e+002	1.9212114926e+002	
3.5730393264e+002	1.6776337526e+002	4.0704001525e+002	1.8704702219e+002	
3.7952575455e+002	1.6823213149e+002	4.2869606803e+002	1.8632960690e+002	
4.1581374404e+002	1.6795853751e+002	4.6412312075e+002	1.8412292065e+002	
4.4443926358e+002	1.6740475553e+002	4.9271668642e+002	1.8201550937e+002	
7.4518847447e+002	1.6573757598e+002	7.0399947113e+002	1.6776418969e+002	
3.1036541619e+002	1.6913386971e+002	3.5360617901e+002	1.9121600453e+002	
4.8914717294e+002	1.6856739619e+002	5.3765723448e+002	1.8073249337e+002	
1.5040984847e+002	1.7011057786e+002	1.8881114807e+002	2.0098891181e+002	
2.6851299257e+002	1.7023206614e+002	3.0773771144e+002	1.9472216500e+002	
4.7251417495e+002	1.6938763582e+002	5.2304059721e+002	1.8237246771e+002	
4.9947385640e+002	1.7011147830e+002	5.4823282376e+002	1.8170507583e+002	
5.4428224658e+002	1.6929332578e+002	5.9219963568e+002	1.7848206722e+002	
5.6960307317e+002	1.6947409771e+002	6.1829969602e+002	1.7725084486e+002	
1.0920710782e+002	1.7046610307e+002	1.4920778407e+002	2.0347806354e+002	
1.2728976898e+002	1.7070878051e+002	1.6664128039e+002	2.0277139076e+002	
1.3244159232e+002	1.7052455085e+002	1.7149041617e+002	2.0232866341e+002	
5.5821316650e+002	1.7035021585e+002	5.6330481554e+002	1.8058366766e+002	
6.0299611146e+002	1.7075331029e+002	6.5304407071e+002	1.7666201521e+002	
6.4317155390e+002	1.7043473867e+002	6.9279052939e+002	1.7416772425e+002	
6.8357981181e+002	1.7034572583e+002	7.3488260563e+002	1.7179970692e+002	
1.7859572719e+002	1.7226667736e+002	2.1512590148e+002	2.0165346728e+002	
3.2268182353e+002	1.7230385609e+002	3.6690937677e+002	1.9363842720e+002	
3.3738758251e+002	1.7127815267e+002	3.8998488407e+002	1.9148792916e+002	
5.1069921899e+002	1.7072782197e+002	5.5945070793e+002	1.8171250218e+002	
1.9201114553e+002	1.7309712760e+002	2.2883175962e+002	2.0173341045e+002	
2.2509624881e+002	1.7314481887e+002	2.6058768902e+002	2.0006201491e+002	
6.2735391488e+002	1.7237215314e+002	6.7728066494e+002	1.7697414127e+002	
6.7302521171e+002	1.7204743107e+002	7.2399348281e+002	1.7411444104e+002	
6.9860406847e+002	1.7167458324e+002	7.4907143388e+002	1.7236213517e+002	
2.3491135094e+002	1.7379172059e+002	2.6997707568e+002	2.0018631591e+002	
1.6009340064e+002	1.7476740076e+002	1.9768420517e+002	2.0503546854e+002	
4.9863228737e+002	1.7456189673e+002	5.4696029428e+002	1.8622250789e+002	
5.9876532924e+002	1.7389004396e+002	6.4614778466e+002	1.8016427943e+002	
6.1885124993e+002	1.7312606646e+002	6.6935707164e+002	1.7817360761e+002	
5.7903416915e+002	1.7473586558e+002	6.2957410453e+002	1.8195579312e+002	
6.3667809123e+002	1.7511172724e+002	6.8736203145e+002	1.7920365173e+002	
2.2496524820e+002	1.7614344342e+002	2.6029022977e+002	2.0300816777e+002	
4.6434227284e+002	1.7601545163e+002	5.1312005311e+002	1.8950752874e+002	
4.7989766955e+002	1.7658918808e+002	5.2811877075e+002	1.8926516290e+002	
1.1287765139e+002	1.7694028057e+002	1.5359178044e+002	2.0953581836e+002	
2.1214995299e+002	1.7761337656e+002	2.4863640777e+002	2.0508212056e+002	
1.0083674002e+002	1.7860858499e+002	1.4189418216e+002	2.1177889169e+002	
5.2083936661e+002	1.7873243576e+002	5.6948433314e+002	1.8918941580e+002	
5.8628970326e+002	1.7928448204e+002	6.3587230324e+002	1.8618262661e+002	
2.9098099791e+002	1.8083113750e+002	3.2988771805e+002	2.0395048623e+002	
3.9993498550e+002	1.7970831825e+002	4.5050973213e+002	1.9657351519e+002	
4.8163361749e+002	1.8023340097e+002	5.3104795410e+002	1.9276718051e+002	
1.8615281477e+002	1.8172383968e+002	2.2329144765e+002	2.1044871801e+002	
3.1217229632e+002	1.8086570519e+002	3.5586053469e+002	2.0267194648e+002	
4.2809011999e+002	1.8060092259e+002	4.7725213970e+002	1.9601137804e+002	
6.3185405695e+002	1.7990729950e+002	6.8298337716e+002	1.8429262001e+002	
3.8886662917e+002	1.8286626760e+002	4.3826833812e+002	2.0034868689e+002	
5.6696022555e+002	1.8193594306e+002	6.1681571313e+002	1.8987985305e+002	
5.8181361236e+002	1.8209937523e+002	6.3253375626e+002	1.8921289798e+002	
6.5050833994e+002	1.8102296409e+002	6.9917242602e+002	1.8451335991e+002	
4.9399568529e+002	1.8314433779e+002	5.4315086891e+002	1.9502741715e+002	
6.7819202818e+002	1.8178223068e+002	7.2968744513e+002	1.8367733620e+002	
6.9577879730e+002	1.8283991154e+002	7.4903762030e+002	1.8373263796e+002	
7.2926942729e+002	1.8182803968e+002	6.6716111177e+002	1.8550949675e+002	
5.4759021182e+002	1.8439446008e+002	5.9726131534e+002	1.9339595727e+002	
2.2404107185e+002	1.8568891767e+002	2.5990066465e+002	2.1237223569e+002	
2.4610304792e+002	1.8618144040e+002	2.8136063572e+002	2.1171577346e+002	
6.0467844247e+002	1.8540519398e+002	6.5498527399e+002	1.9133508730e+002	
7.0209865721e+002	1.8466870377e+002	7.5493778888e+002	1.8526596080e+002	
3.9469568853e+002	1.8663700020e+002	4.4421879603e+002	2.0378109062e+002	
4.3169115024e+002	1.8684443950e+002	4.8104150611e+002	2.0203248913e+002	
6.5686423416e+002	1.8622747004e+002	7.0850336319e+002	1.8932040303e+002	
1.1445460845e+002	1.8797956595e+002	1.5549068234e+002	2.2015689565e+002	
1.2612511460e+002	1.8762515908e+002	1.6587326782e+002	2.1925027586e+002	
1.3768388195e+002	1.8793384594e+002	1.7767235856e+002	2.1893756067e+002	
1.4926697312e+002	1.8776642111e+002	1.8819307380e+002	2.1820808931e+002	
3.0667631942e+002	1.8830147219e+002	3.5078136563e+002	2.1028136318e+002	
5.0109456967e+002	1.8758619503e+002	5.5031384723e+002	1.9909290681e+002	
5.2036062915e+002	1.8766541702e+002	5.6962720566e+002	1.9814616621e+002	
5.6342489215e+002	1.8666919321e+002	6.1341282885e+002	1.9482446252e+002	
5.7257301960e+002	1.8720835241e+002	6.2299973691e+002	1.9486215667e+002	
9.3602511281e+001	1.8854151186e+002	1.3403801808e+002	2.2181118492e+002	
3.1881597470e+002	1.8839918095e+002	3.6259340700e+002	2.0975064338e+002	
5.3950593024e+002	1.8818427457e+002	5.8912843500e+002	1.9763493762e+002	
6.6679728410e+002	1.8809313933e+002	7.1870282795e+002	1.9066789045e+002	
3.8675823859e+001	1.8956533996e+002	8.3284455371e+001	2.2550712311e+002	
9.9943993445e+001	1.8980413747e+002	1.4135389664e+002	2.2267000336e+002	
1.5598692374e+002	1.8944625449e+002	1.9475040691e+002	2.1949809745e+002	
3.3574902791e+002	1.8958955491e+002	3.8323402957e+002	2.0989801352e+002	
3.4836307213e+002	1.8980597742e+002	3.9610644379e+002	2.0943860919e+002	
6.1062215105e+002	1.8928083543e+002	6.6124887887e+002	1.9491519664e+002	
6.3071321680e+002	1.8916166170e+002	6.8190673330e+002	1.9370265760e+002	
2.3838936094e+002	1.8980243025e+002	2.7497434417e+002	2.1561851405e+002	
3.2686618644e+002	1.9083043497e+002	3.7171625196e+002	2.1168858446e+002	
3.8678102609e+002	1.9015473731e+002	4.3645669141e+002	2.0768901340e+002	
4.3909846555e+002	1.9061500172e+002	4.8872810044e+002	2.0538833416e+002	
6.5106106625e+002	1.8959860935e+002	7.0242883076e+002	1.9305289016e+002	
4.9266757304e+002	1.9119682587e+002	5.4217639818e+002	2.0314319578e+002	
3.8124644033e+002	1.9276198911e+002	4.3148550076e+002	2.1054927325e+002	
5.4711769433e+002	1.9173797336e+002	5.9695905936e+002	2.0079174558e+002	
1.4895965867e+002	1.9467311998e+002	1.8814261232e+002	2.2493633382e+002	
2.4747682059e+002	1.9395919160e+002	2.8301489806e+002	2.1925410389e+002	
4.4396108903e+002	1.9367672139e+002	4.9370454864e+002	2.0818129043e+002	
5.7925106039e+002	1.9314466886e+002	6.2986799469e+002	2.0047629711e+002	
6.0305346518e+002	1.9305160011e+002	6.5363686323e+002	1.9912295101e+002	
9.8882614648e+000	1.9503156946e+002	5.5976035613e+001	2.3221547244e+002	
3.0409604810e+001	1.9467196872e+002	7.5596686900e+001	2.3084454411e+002	
1.0545565796e+002	1.9519117843e+002	1.4685738186e+002	2.2761082955e+002	
2.5415318780e+002	1.9439651123e+002	2.8902426827e+002	2.1935894827e+002	
2.8789635657e+002	1.9518326342e+002	3.2753293327e+002	2.1820602471e+002	
3.2618310929e+002	1.9439377032e+002	3.7368569768e+002	2.1514982133e+002	
4.8742519496e+002	1.9407819931e+002	5.3704944313e+002	2.0629888505e+002	
5.2014133084e+002	1.9504232291e+002	5.7033212675e+002	2.0552065298e+002	
5.8533724002e+002	1.9434378264e+002	6.3630899952e+002	2.0134900534e+002	
6.5875848557e+002	1.9301862659e+002	7.1068952793e+002	1.9608383628e+002	
6.7559004058e+002	1.9329479792e+002	7.2823704380e+002	1.9544269305e+002	
2.3229562794e+002	1.9568875183e+002	2.6815418233e+002	2.2172563963e+002	
5.5226987266e+002	1.9499879618e+002	6.0274030223e+002	2.0377298902e+002	
5.9708792356e+002	1.9566015993e+002	6.4802460352e+002	2.0205611235e+002	
6.6448525359e+002	1.9609303354e+002	7.1670337693e+002	1.9888332725e+002	
4.8060250737e+001	1.9788129877e+002	9.2101862827e+001	2.3307721211e+002	
9.8928736856e+001	1.9862604840e+002	1.4088368230e+002	2.3126029984e+002	
1.6797152025e+002	1.9804243825e+002	2.0464552267e+002	2.2732206334e+002	
1.8112003698e+002	1.9767257198e+002	2.2923890571e+002	2.2588957842e+002	
4.3867287800e+002	1.9720077389e+002	4.8860297667e+002	2.1196676257e+002	
4.9236639253e+002	1.9760139469e+002	5.4222185860e+002	2.0955659085e+002	
5.6676599373e+002	1.9713840369e+002	6.1727008227e+002	2.0515954396e+002	
2.1800961910e+002	1.9901211539e+002	2.4723688529e+002	2.2594334702e+002	
2.6472462377e+002	1.9866552361e+002	2.9977783690e+002	2.2299069095e+002	
4.7178838882e+002	1.9877413836e+002	5.2183442526e+002	2.1180065561e+002	
5.4719848704e+002	1.9823521793e+002	5.9765395136e+002	2.0729308967e+002	
2.8523819949e+002	1.9946918206e+002	3.2500436292e+002	2.2255620640e+002	
3.1949063620e+002	2.0107643854e+002	3.6319603974e+002	2.2223251563e+002	
6.0235822392e+002	2.0021169029e+002	6.5386474284e+002	2.0634849858e+002	
6.5863064552e+002	1.9997006136e+002	7.1089763828e+002	2.0311762712e+002	
2.7511593517e+002	2.0186134169e+002	3.1522035389e+002	2.2542013305e+002	
2.9771628489e+002	2.0256832834e+002	3.3885665082e+002	2.2491564914e+002	
3.8512408580e+002	2.0123210499e+002	4.3583960358e+002	2.1874399212e+002	
5.8713307278e+002	2.0111249634e+002	6.3819097525e+002	2.0807152194e+002	
3.2610981287e+002	2.0292788880e+002	3.7186731022e+002	2.2364939218e+002	
4.9201622637e+002	2.0175012706e+002	5.4228382712e+002	2.1371326855e+002	
6.7470198008e+002	2.0201510260e+002	7.2709656727e+002	2.0433965706e+002	
2.1787239915e+002	2.0398965721e+002	2.5536886379e+002	2.3053628418e+002	
2.8983632853e+002	2.0306032036e+002	3.3015299293e+002	2.2583394062e+002	
3.8083026846e+002	2.0340946639e+002	4.3120331460e+002	2.2114140662e+002	
4.1544001897e+002	2.0394146671e+002	4.6616294241e+002	2.1986633330e+002	
4.2910853452e+002	2.0388605824e+002	4.7954694346e+002	2.1911234219e+002	
4.3797227232e+002	2.0309348467e+002	4.8812771306e+002	2.1787187288e+002	
5.4677135064e+002	2.0276279036e+002	5.9727760448e+002	2.1186325602e+002	
9.0028065159e+001	2.0472039401e+002	1.3298669599e+002	2.3759219653e+002	
3.9864153201e+002	2.0416648545e+002	4.4923818921e+002	2.2096442017e+002	
4.1038366079e+002	2.0445653419e+002	4.6059030096e+002	2.2065846281e+002	
4.8719790601e+002	2.0464588199e+002	5.3762982314e+002	2.1685683936e+002	
6.0211208347e+002	2.0336487862e+002	6.5357717182e+002	2.0954387798e+002	
3.1569158443e+002	2.0587411511e+002	3.5972516244e+002	2.2715356208e+002	
3.6679109314e+002	2.0586289929e+002	4.1778185183e+002	2.2428174433e+002	
4.4376844382e+002	2.0572826269e+002	4.9384324370e+002	2.2020228608e+002	
4.7090100580e+002	2.0565237671e+002	5.2113346695e+002	2.1871590277e+002	
5.0475281191e+002	2.0561800793e+002	5.5550044451e+002	2.1690799695e+002	
6.5804556828e+002	2.0468653313e+002	7.1063612628e+002	2.0791359269e+002	
2.3610780700e+002	2.0668421611e+002	2.7250831893e+002	2.3227713413e+002	
2.9626775952e+002	2.0662129516e+002	3.3751728080e+002	2.2897890511e+002	
3.3172868682e+002	2.0703748061e+002	3.8026698392e+002	2.2733088910e+002	
3.4263614858e+002	2.0661094825e+002	3.9101913705e+002	2.2635332491e+002	
3.8605177452e+002	2.0710466483e+002	4.3690708133e+002	2.2452695156e+002	
5.5275216409e+002	2.0594303425e+002	6.0330258720e+002	2.1474653367e+002	
5.9668428550e+002	2.0661237503e+002	6.4795533952e+002	2.1310944233e+002	
1.6940866172e+001	2.0762946070e+002	6.3813582556e+001	2.4397945608e+002	
4.9226777659e+002	2.0740784274e+002	5.4261352899e+002	2.1936152648e+002	
3.9413826098e+002	2.0836588674e+002	4.4486933765e+002	2.2536854172e+002	
4.1092418369e+002	2.0816714063e+002	4.6145553367e+002	2.2431338104e+002	
4.3012755082e+002	2.0841583144e+002	4.8038806947e+002	2.2358076353e+002	
4.3801241180e+002	2.0865545712e+002	4.8825222044e+002	2.2341403724e+002	
5.4684851853e+002	2.0838885175e+002	5.9750825477e+002	2.1750782977e+002	
6.1343085828e+002	2.0838601285e+002	6.6545693055e+002	2.1400215740e+002	
6.6449332711e+002	2.0802433803e+002	7.1730157325e+002	2.1095058500e+002	
9.7898070511e+001	2.0954787849e+002	1.4016986875e+002	2.4189773067e+002	
2.7345946156e+002	2.0947756726e+002	3.1408058664e+002	2.3297626143e+002	
5.0082031227e+002	2.0968037342e+002	5.5110539807e+002	2.2119727196e+002	
2.8550211313e+002	2.1113161689e+002	3.2629079551e+002	2.3398460938e+002	
5.3853170978e+002	2.1014936753e+002	5.8925313135e+002	2.1970512007e+002	
6.0226022397e+002	2.1009020136e+002	6.5402358871e+002	2.1631125767e+002	
2.5612441082e+002	2.1230464635e+002	2.9218159877e+002	2.3677854055e+002	
1.5434355173e+002	2.1272415648e+002	1.9429661874e+002	2.4221156215e+002	
2.1656508391e+002	2.1310830882e+002	2.5365528675e+002	2.3953576949e+002	
6.1077288749e+002	2.1188768611e+002	6.6231427807e+002	2.1769168838e+002	
6.2963077031e+002	2.1199790697e+002	6.8193278208e+002	2.1680144264e+002	
6.5804442534e+002	2.1149287944e+002	7.1087032834e+002	2.1479959631e+002	
3.8532366161e+002	2.1326434709e+002	4.3626099375e+002	2.3068326955e+002	
6.5003488854e+002	2.1251961480e+002	7.0287732217e+002	2.1625422327e+002	
3.0388739310e+002	2.1423429156e+002	3.4849636366e+002	2.3598762464e+002	
4.3242012033e+002	2.1510889764e+002	4.8232945510e+002	2.3014674862e+002	
4.3803366606e+002	2.1479274157e+002	4.8872019188e+002	2.2952020357e+002	
4.5388395741e+002	2.1481665924e+002	5.0343521131e+002	2.2876959743e+002	
4.9208175774e+002	2.1405908203e+002	5.4277755160e+002	2.2601911261e+002	
4.4392022797e+001	2.1544343708e+002	8.9496026990e+001	2.5020410994e+002	
3.8028225050e+002	2.1556539937e+002	4.3155028614e+002	2.3321648924e+002	
5.6969572887e+002	2.1471006313e+002	6.2171087200e+002	2.2264210629e+002	
3.1322077818e+002	2.1694212592e+002	3.5786326289e+002	2.3818606890e+002	
3.4322417353e+002	2.1734397510e+002	3.9187720860e+002	2.3694274235e+002	
5.4000858933e+002	2.1602704994e+002	5.9118981644e+002	2.2551885933e+002	
5.4651889307e+002	2.1613884968e+002	5.9725463649e+002	2.2531134434e+002	
3.6268841499e+002	2.1714403470e+002	4.1486448580e+002	2.3565009886e+002	
4.4295263344e+002	2.1793155797e+002	4.9388644096e+002	2.3239340263e+002	
6.0211774738e+002	2.1732033784e+002	6.5416834717e+002	2.2360491567e+002	
2.1772430505e+002	2.1934328416e+002	2.5562004177e+002	2.4555312535e+002	
2.9946738580e+002	2.1915151838e+002	3.4135579683e+002	2.4114251707e+002	
1.7149267492e+002	2.2012703450e+002	2.1139945197e+002	2.4856962348e+002	
5.5925959861e+002	2.1914653982e+002	6.1051262814e+002	2.2766696270e+002	
6.5161270585e+002	2.1959914804e+002	7.0452785224e+002	2.2333870199e+002	
6.5793051364e+002	2.1912261308e+002	7.1114255667e+002	2.2252204713e+002	
3.8492283727e+002	2.2048244183e+002	4.3640947007e+002	2.3786101895e+002	
5.5175851209e+002	2.1954124752e+002	6.0314099780e+002	2.2844338493e+002	
5.9632310770e+002	2.2031190548e+002	6.4835091141e+002	2.2692107828e+002	
1.1191213339e+002	2.2139355104e+002	1.5472889328e+002	2.5268104960e+002	
1.3496070451e+002	2.2162739602e+002	1.7665868279e+002	2.5179705296e+002	
1.4649450897e+002	2.2193830674e+002	1.8698895481e+002	2.5156154031e+002	
3.1804539880e+002	2.2155710434e+002	3.6313166352e+002	2.4248672652e+002	
4.3765256015e+002	2.2146006446e+002	4.8859095190e+002	2.3618315309e+002	
4.9141497465e+002	2.2115110153e+002	5.4285979332e+002	2.3313185383e+002	
1.5588222819e+002	2.2327287897e+002	1.9624038440e+002	2.5239972352e+002	
5.4585762495e+002	2.2265841501e+002	5.9699617890e+002	2.3188569731e+002	
6.6384260327e+002	2.2252544396e+002	7.1742173483e+002	2.2565555863e+002	
2.8938032445e+002	2.2412712041e+002	3.3126516927e+002	2.4655062579e+002	
3.2307442517e+002	2.2383155036e+002	3.6905036223e+002	2.4445566110e+002	
3.5391859999e+002	2.2335600701e+002	4.0530743636e+002	2.4227988425e+002	
6.0203800816e+002	2.2336276863e+002	6.5421855701e+002	2.2970285307e+002	
2.5050247997e+002	2.2600653740e+002	2.8750200638e+002	2.5047273706e+002	
2.4593345015e+001	2.2737635994e+002	7.1152899505e+001	2.6266844057e+002	
5.7557593325e+002	2.2611985560e+002	6.2806300720e+002	2.3381941139e+002	
6.5797819990e+002	2.2601728283e+002	7.1165073526e+002	2.2949108929e+002	
2.8807740560e+002	2.2781486931e+002	3.2924123850e+002	2.5026754914e+002	
4.2746215297e+002	2.2821659205e+002	4.7916323287e+002	2.4341342704e+002	
5.6004569186e+002	2.2677214783e+002	6.0950764546e+002	2.3535226153e+002	
7.6593632905e+001	2.2934038131e+002	1.1982080196e+002	2.6211791421e+002	
1.5225617398e+002	2.2880697897e+002	1.9304069463e+002	2.5795909617e+002	
3.9777805431e+002	2.2879983981e+002	4.4985600044e+002	2.4547002167e+002	
4.1478440115e+002	2.2902182135e+002	4.6621304821e+002	2.4485870068e+002	
4.6669950786e+002	2.2925581727e+002	5.1887872286e+002	2.4246954005e+002	
2.9422013850e+002	2.3048288214e+002	3.3699618392e+002	2.5254686852e+002	
3.8432804570e+002	2.3030920824e+002	4.3651989277e+002	2.4763977439e+002	
4.9135219305e+002	2.3048116099e+002	5.4296757316e+002	2.4247491804e+002	
5.1605734297e+002	2.3077689068e+002	5.6746988836e+002	2.4153699209e+002	
5.2195755778e+002	2.3052459862e+002	5.7384795183e+002	2.4097381100e+002	
5.3505549522e+002	2.3064239236e+002	5.8712642152e+002	2.4042845762e+002	
2.0891181813e+002	2.3251974480e+002	2.4774727786e+002	2.5885514400e+002	
2.5890617537e+002	2.3186761562e+002	2.9586687125e+002	2.5580926657e+002	
5.4591603937e+002	2.3077189494e+002	5.9779780356e+002	2.4001767186e+002	
2.3116140501e+002	2.3254751995e+002	2.6918052813e+002	2.5781216992e+002	
3.6260026956e+002	2.3284367287e+002	4.1476500325e+002	2.5123897236e+002	
4.3681713581e+002	2.3268936882e+002	4.8857620090e+002	2.4740598803e+002	
3.6868116492e+002	2.3326021404e+002	4.2079140307e+002	2.5135246323e+002	
3.7913796869e+002	2.3337876096e+002	4.3108780731e+002	2.5095588589e+002	
4.8599024351e+002	2.3337685158e+002	5.3772647705e+002	2.4564003764e+002	
6.0142389289e+002	2.3268197924e+002	6.5426289643e+002	2.3912085528e+002	
6.2659269750e+002	2.3378139945e+002	6.7979753507e+002	2.3895390679e+002	
6.3294084277e+002	2.3348930481e+002	6.8633448360e+002	2.3833334674e+002	
6.4589129179e+002	2.3350669580e+002	6.9989889914e+002	2.3768067601e+002	
3.3829673639e+002	2.3468841841e+002	3.8746972449e+002	2.5435088275e+002	
6.1404326374e+002	2.3369011806e+002	6.6717682039e+002	2.3949540355e+002	
3.8412856144e+002	2.3595144750e+002	4.3637850079e+002	2.5325819294e+002	
4.4232708959e+002	2.3512353143e+002	4.9389824607e+002	2.4956641860e+002	
3.3056269225e+002	2.3697960295e+002	3.8030872344e+002	2.5698548149e+002	
4.9115010216e+002	2.3627676538e+002	5.4313457345e+002	2.4828047965e+002	
6.5738854646e+002	2.3530920196e+002	7.1137160580e+002	2.3892801816e+002	
2.0682996322e+001	2.3806849419e+002	5.7524926857e+001	2.7341287137e+002	
3.4241256841e+002	2.3755047933e+002	3.9184617566e+002	2.5697613917e+002	
4.3684617779e+002	2.3750354210e+002	4.8872904895e+002	2.5220558359e+002	
3.1727247070e+002	2.3941246180e+002	3.6430901560e+002	2.6011331332e+002	
5.4575524404e+002	2.3814816305e+002	5.9787698196e+002	2.4743617241e+002	
6.6444989554e+002	2.3811369018e+002	7.1854385896e+002	2.4141287244e+002	
3.4043239861e+001	2.4070150912e+002	8.1398702361e+001	2.7506625708e+002	
8.5363660249e+001	2.4066346222e+002	1.3013456284e+002	2.7263335543e+002	
1.4163899907e+002	2.4074763145e+002	2.0185620915e+002	2.6963951262e+002	
2.7638909841e+002	2.4036310196e+002	3.1618359233e+002	2.6322788872e+002	
6.0210425527e+002	2.4002269064e+002	6.5513185923e+002	2.4649225016e+002	
2.3400390984e+002	2.4185208659e+002	2.7226023508e+002	2.6678538867e+002	
2.4449941845e+002	2.4306043264e+002	2.8200854883e+002	2.6748034435e+002	
4.5426820390e+002	2.4257034110e+002	5.0644129812e+002	2.5639821913e+002	
6.5474449012e+002	2.4150198559e+002	7.0856400694e+002	2.4534060095e+002	
2.9712794707e+001	2.4461604763e+002	7.6970084758e+001	2.7905822195e+002	
3.1698462770e+002	2.4375556933e+002	3.6301780734e+002	2.6444424456e+002	
5.5914857874e+002	2.4333373314e+002	6.1065155232e+002	2.5200408806e+002	
3.2087589204e+002	2.4565459976e+002	3.6821018676e+002	2.6610104760e+002	
3.8371942879e+002	2.4567396003e+002	4.3622088425e+002	2.6294006636e+002	
6.1475298410e+002	2.4490737711e+002	6.6968244065e+002	2.5074838301e+002	
1.0635233510e+002	2.4702974628e+002	1.4992364069e+002	2.7783954304e+002	
4.3609051614e+002	2.4644995330e+002	4.8856412549e+002	2.6115722380e+002	
2.9694599977e+002	2.4788025444e+002	3.4043430687e+002	2.6954658770e+002	
4.9024601610e+002	2.4742040928e+002	5.4275920721e+002	2.5947635141e+002	
2.1105520434e+001	2.4976668608e+002	6.9524351157e+001	2.8441602467e+002	
3.6459507826e+002	2.4890087638e+002	4.1718549393e+002	2.6707448366e+002	
4.0787362400e+002	2.4874580607e+002	4.6025564326e+002	2.6482448528e+002	
4.1403618205e+002	2.4860025219e+002	4.6670996356e+002	2.6437280392e+002	
4.2740387906e+002	2.4836960363e+002	4.8086692688e+002	2.6347315771e+002	
5.4541661258e+002	2.4830257413e+002	5.9811791386e+002	2.5765047613e+002	
5.6676403017e+002	2.4833675383e+002	6.1990392213e+002	2.5662461180e+002	
4.3555273747e+001	2.5056827701e+002	9.0555198020e+001	2.8416547707e+002	
1.5039712421e+002	2.5045398635e+002	1.9194047174e+002	2.7912446385e+002	
4.4143566348e+002	2.4947690496e+002	4.9402955849e+002	2.6391573406e+002	
4.8532672556e+002	2.4975335169e+002	5.3796653539e+002	2.6205117144e+002	
6.5801927987e+002	2.4866323231e+002	7.1274087735e+002	2.5241276634e+002	
2.7471878101e+002	2.5118552113e+002	3.1515574154e+002	2.7393965143e+002	
4.6787769481e+002	2.5067328817e+002	5.2042081027e+002	2.6382524036e+002	
5.0292824240e+002	2.5038343690e+002	5.5583122315e+002	2.6181693744e+002	
2.1371824869e+002	2.5198687076e+002	2.5418385522e+002	2.7763698220e+002	
3.2491242700e+002	2.5169256489e+002	3.7379205219e+002	2.7184251584e+002	
5.1527172474e+002	2.5137743849e+002	5.6819031047e+002	2.6221125265e+002	
5.3509361738e+002	2.5127391190e+002	5.8814919107e+002	2.6113562273e+002	
5.4976415623e+002	2.5093680456e+002	6.0284247596e+002	2.6007823132e+002	
6.0132716338e+002	2.5100016490e+002	6.5523623562e+002	2.5759285262e+002	
6.9975058147e+002	2.5078263158e+002	7.5548200795e+002	2.5247456001e+002	
6.4981228368e+001	2.5264335826e+002	1.1226556214e+002	2.8516239678e+002	
2.2923852572e+002	2.5273947464e+002	2.6792942370e+002	2.7767439853e+002	
3.1374386787e+002	2.5320699038e+002	3.6119189823e+002	2.7390815689e+002	
3.6015096772e+002	2.5266618277e+002	4.1330833417e+002	2.7101552280e+002	
4.1846594157e+002	2.5291955175e+002	4.7110126314e+002	2.6846469295e+002	
5.9563194988e+002	2.5354998905e+002	6.4920569654e+002	2.6045468982e+002	
2.2371234338e+002	2.5541283151e+002	2.6305486805e+002	2.8054235104e+002	
2.5297862631e+002	2.5529350410e+002	2.9179211300e+002	2.7904889445e+002	
4.3428903568e+002	2.5492237495e+002	4.8720575513e+002	2.6969187635e+002	
5.6539990528e+002	2.5443535686e+002	6.1876024691e+002	2.6282981116e+002	
6.1286138869e+002	2.5400525622e+002	6.6702311964e+002	2.6005708901e+002	
6.3156106594e+002	2.5501125168e+002	6.8640945662e+002	2.6014258149e+002	
6.4562913396e+002	2.5496933519e+002	7.0071280374e+002	2.5940523384e+002	
2.8710508954e+002	2.5693925192e+002	3.3088664570e+002	2.7894200713e+002	
6.2691687532e+002	2.5554599075e+002	6.8127296124e+002	2.6092258007e+002	
2.4471601483e+002	2.5859785557e+002	2.8309619468e+002	2.8269223253e+002	
2.9645396077e+002	2.5768910095e+002	3.4072479870e+002	2.7922689677e+002	
3.0859754032e+002	2.5840194275e+002	3.5422619649e+002	2.7932522533e+002	
4.5959740657e+002	2.5801512216e+002	5.1260671533e+002	2.7155968577e+002	
4.9179311971e+002	2.5676232343e+002	5.4436094836e+002	2.6876138999e+002	
6.6328969294e+002	2.5660011655e+002	7.1883594233e+002	2.6018218719e+002	
6.0251158439e+002	2.5848594919e+002	6.5660934485e+002	2.6509116286e+002	
7.0076524473e+002	2.5790601534e+002	7.5664820115e+002	2.5966436107e+002	
1.5426782188e+002	2.6050520139e+002	1.6959036646e+002	2.8924740296e+002	
6.5458990408e+002	2.5973411317e+002	7.0958115161e+002	2.6379817563e+002	
3.2379294962e+002	2.6090297278e+002	3.7192051122e+002	2.8102486813e+002	
3.9348872353e+002	2.6132341667e+002	4.4566675520e+002	2.7804581623e+002	
4.0431513459e+002	2.6159766694e+002	4.6096484511e+002	2.7771012869e+002	
5.6460240584e+002	2.6044281695e+002	6.1804893222e+002	2.6891864418e+002	
1.4304333161e+002	2.6221291975e+002	1.8525181399e+002	2.9091520491e+002	
1.7843444066e+002	2.6195499173e+002	1.9217636663e+002	2.8955977540e+002	
2.2876404963e+002	2.6179767649e+002	2.6751385073e+002	2.8657302020e+002	
1.0454705615e+001	2.6352014817e+002	5.9979752110e+001	2.9817250272e+002	
5.3739457219e+002	2.6324323599e+002	5.9134208420e+002	2.7303905615e+002	
7.4436770009e+001	2.6478664000e+002	1.2072468461e+002	2.9651659342e+002	
5.0068513139e+002	2.6439413110e+002	5.5427479909e+002	2.7596395471e+002	
2.9414313584e+002	2.6463909070e+002	3.3860218831e+002	2.8618752876e+002	
3.7902071973e+002	2.6462531056e+002	4.3188506660e+002	2.8200452816e+002	
3.8382899507e+002	2.6524102335e+002	4.3749060544e+002	2.8237343985e+002	
4.0739620721e+002	2.6428522272e+002	4.6029236561e+002	2.8031887833e+002	
5.5108666688e+002	2.6470213993e+002	6.0502177050e+002	2.7384916565e+002	
1.6388777116e+002	2.6633289550e+002	2.0546527098e+002	2.9397727655e+002	
1.9690384480e+002	2.6649767341e+002	2.4675548883e+002	2.9245770328e+002	
2.2259473893e+002	2.6548264647e+002	2.6188694252e+002	2.9046204089e+002	
3.3906224203e+002	2.6651032131e+002	3.8999582582e+002	2.8580083662e+002	
4.1892862986e+002	2.6500349313e+002	4.7142796032e+002	2.8049487488e+002	
1.8004085030e+002	2.6665154561e+002	2.2063010538e+002	2.9355841786e+002	
3.2340344746e+002	2.6678598125e+002	3.7205060904e+002	2.8685375576e+002	
1.0645988658e+002	2.6809841749e+002	1.4988264039e+002	2.9831052816e+002	
6.7327508249e+002	2.6726313474e+002	7.2926286465e+002	2.7050799446e+002	
1.1728659540e+002	2.6877881361e+002	1.5994728440e+002	2.9848830479e+002	
1.3341351629e+002	2.6968550870e+002	1.7770169499e+002	2.9860308540e+002	
3.0625678847e+002	2.6902926900e+002	3.5216682277e+002	2.8992574570e+002	
5.0088994590e+002	2.6887492797e+002	5.5475186019e+002	2.8044395473e+002	
2.4415718870e+002	2.6961381608e+002	2.8366421967e+002	2.9350731943e+002	
2.6766414215e+002	2.6962520277e+002	3.0910823974e+002	2.9239263204e+002	
2.8077173118e+002	2.7044860253e+002	3.2399441559e+002	2.9256209745e+002	
2.9294608575e+002	2.6888764709e+002	3.3693787844e+002	2.9044259690e+002	
3.8750523985e+002	2.7024005664e+002	4.4098965121e+002	2.8717807215e+002	
5.6820276610e+002	2.6898230272e+002	6.2233628040e+002	2.7733621574e+002	
1.3815653055e+002	2.7110241041e+002	1.8178667870e+002	2.9977719921e+002	
3.4003776304e+002	2.7113836413e+002	3.9079685678e+002	2.9034566053e+002	
4.3089523777e+002	2.7134343746e+002	4.8432671409e+002	2.8623659393e+002	
3.4646637154e+002	2.7249548357e+002	3.9874240469e+002	2.9136396215e+002	
9.6842560885e+000	2.7318001784e+002	5.9681315586e+001	3.0752833724e+002	
5.5111494995e+002	2.7259306437e+002	6.0524002818e+002	2.8178824604e+002	
5.8167853466e+002	2.7204108940e+002	6.3616033526e+002	2.7977064046e+002	
6.2084224731e+002	2.7168919578e+002	6.7589284717e+002	2.7753389211e+002	
6.3917431731e+002	2.7211856221e+002	6.9562120084e+002	2.7706363349e+002	
6.9270330040e+002	2.7166544813e+002	7.5026369420e+002	2.7401207472e+002	
5.7491972371e+001	2.7459544909e+002	1.0391791622e+002	3.0679525966e+002	
1.5904250116e+002	2.7412241043e+002	2.0118296505e+002	3.0179127003e+002	
3.5716307180e+002	2.7386864155e+002	4.1113039660e+002	2.9219804665e+002	
3.6460478331e+002	2.7372522525e+002	4.1884176261e+002	2.9170358130e+002	
2.2657511168e+002	2.7654164457e+002	2.6563277220e+002	3.0111998088e+002	
4.2609950302e+002	2.7560809440e+002	4.7969194567e+002	2.9071598323e+002	
3.0519624024e+002	2.7618759525e+002	3.5114868100e+002	2.9704412554e+002	
6.9838512436e+002	2.7599627337e+002	7.5620465508e+002	2.7813958731e+002	
2.8951586583e+002	2.7831747135e+002	3.3372131618e+002	2.9989706037e+002	
3.3794554115e+002	2.7750402453e+002	3.8923270817e+002	2.9674391044e+002	
4.0939143937e+002	2.7750439223e+002	4.6349416834e+002	2.9337909906e+002	
4.9167711302e+002	2.7756999910e+002	5.4507057613e+002	2.8960891096e+002	
6.0080393864e+002	2.7728840148e+002	6.5579099150e+002	2.8415027838e+002	
9.8481783013e+001	2.7980824130e+002	1.4333920319e+002	3.1002962261e+002	
5.4224817621e+002	2.7825599182e+002	5.9673738593e+002	2.8790122373e+002	
1.9164733240e+002	2.8011857421e+002	2.3381332963e+002	3.0616564699e+002	
3.5756154287e+002	2.8069581844e+002	4.1186781683e+002	2.9895568420e+002	
2.5129035489e+002	2.8080439090e+002	2.9108094671e+002	3.0416274309e+002	
3.4644399880e+002	2.8132186541e+002	3.9914689868e+002	3.0011522083e+002	
1.1803261061e+002	2.8254375343e+002	1.6239245170e+002	3.1181933469e+002	
2.2079413637e+002	2.8206584221e+002	2.6105344274e+002	3.0677925206e+002	
4.7976389270e+002	2.8170428015e+002	5.3333616392e+002	2.9430669228e+002	
4.9957677741e+002	2.8125373230e+002	5.5380494513e+002	2.9291961409e+002	
5.1699685683e+002	2.8155357556e+002	5.7129335093e+002	2.9240532859e+002	
5.4628450154e+002	2.8127981924e+002	6.0092824286e+002	2.9075244815e+002	
6.4630828332e+002	2.8120971506e+002	7.0290693875e+002	2.8593530105e+002	
6.5382384524e+001	2.8447974451e+002	1.1311967515e+002	3.1600434017e+002	
7.3466261501e+001	2.8449866224e+002	1.2082554252e+002	3.1566832803e+002	
5.5514797676e+002	2.8365720787e+002	6.0941479454e+002	2.9273766717e+002	
5.8415962854e+002	2.8279421479e+002	6.3931135775e+002	2.9049288564e+002	
6.5515649030e+002	2.8288230580e+002	7.1126953362e+002	2.8722171480e+002	
1.3422584170e+002	2.8509015327e+002	1.7837544030e+002	3.1357705570e+002	
3.8425845578e+002	2.8482652617e+002	4.3852722360e+002	3.0183429542e+002	
5.3509156623e+002	2.8338172096e+002	5.8951802665e+002	2.9339524435e+002	
5.7252084971e+002	2.8432730695e+002	6.2795831134e+002	2.9258070180e+002	
6.5918447462e+002	2.8463117924e+002	7.1631999454e+002	2.8878829474e+002	
6.7803408658e+002	2.8421401461e+002	7.3429099726e+002	2.8749037410e+002	
1.5676726877e+002	2.8581785856e+002	1.9050127557e+002	3.1341729291e+002	
6.1030207160e+002	2.8492930329e+002	6.6586506932e+002	2.9141600170e+002	
6.2833229626e+002	2.8510387036e+002	6.8439158209e+002	2.9073775430e+002	
6.8254910034e+002	2.8493670618e+002	7.3949360938e+002	2.8799958629e+002	
2.3293288702e+002	2.8637301522e+002	2.7223586091e+002	3.1046737555e+002	
2.8050951401e+002	2.8675899122e+002	3.2352663889e+002	3.0864650389e+002	
3.1714250288e+002	2.8730238777e+002	3.6621209569e+002	3.0743586938e+002	
3.4339961848e+002	2.8669231846e+002	3.9630254676e+002	3.0558049546e+002	
1.6672218461e+002	2.8851532253e+002	2.0882316555e+002	3.1549419912e+002	
2.6929571477e+002	2.8827492093e+002	3.1065114062e+002	3.1066885465e+002	
3.0428976984e+002	2.8879409454e+002	3.5134216217e+002	3.0952184209e+002	
4.3509469372e+002	2.8782898413e+002	4.8932625140e+002	3.0249169941e+002	
6.4592558072e+002	2.8697688665e+002	7.0323780035e+002	2.9178858033e+002	
2.2499925690e+002	2.8802449448e+002	2.6527916287e+002	3.1243047639e+002	
1.5286852044e+002	2.8959606236e+002	1.9701222892e+002	3.1714018574e+002	
1.8370139163e+002	2.9023451645e+002	2.2765686498e+002	3.1639440291e+002	
2.4292284558e+002	2.9061000835e+002	2.8315101725e+002	3.1416430785e+002	
2.8944134526e+002	2.8966737396e+002	3.3417976448e+002	3.1108635760e+002	
6.5456028791e+002	2.8915744237e+002	7.1123063933e+002	2.9360588989e+002	
2.4998267111e+002	2.9119043641e+002	2.9167409047e+002	3.1439954100e+002	
3.9503710741e+002	2.9073496424e+002	4.5007900410e+002	3.0721378692e+002	
4.6160632213e+002	2.9070830475e+002	5.1687131145e+002	3.0413810645e+002	
4.0639810810e+002	2.9139624003e+002	4.6140325692e+002	3.0735534105e+002	
4.1120042924e+002	2.9152426701e+002	4.6595313569e+002	3.0726748393e+002	
6.0231523723e+002	2.9082958938e+002	6.5816065191e+002	2.9775009919e+002	
1.5960745020e+002	2.9296399205e+002	2.0283711405e+002	3.2013981502e+002	
2.6762724004e+002	2.9300728237e+002	3.0982023652e+002	3.1539016572e+002	
6.6545568681e+001	2.9422179366e+002	1.1389407106e+002	3.2540658760e+002	
3.2991350935e+002	2.9364366066e+002	3.8006841249e+002	3.1312127605e+002	
4.2236744043e+002	2.9333214544e+002	4.7729231526e+002	3.0856026458e+002	
5.0134242166e+002	2.9355966423e+002	5.5612470287e+002	3.0517993356e+002	
5.1424318121e+002	2.9370763011e+002	5.6934120771e+002	3.0473191375e+002	
5.1935622309e+002	2.9386909465e+002	5.7405604580e+002	3.0466495752e+002	
2.4979941770e+002	2.9440147938e+002	2.9135978837e+002	3.1756496183e+002	
4.9089772734e+002	2.9401346436e+002	5.4566168576e+002	3.0611434155e+002	
5.3206282100e+002	2.9400067303e+002	5.8728642939e+002	3.0420586035e+002	
2.2570731865e+002	2.9566678013e+002	2.6612708191e+002	3.1989100978e+002	
2.6367399763e+002	2.9539995505e+002	3.0566371945e+002	3.1792361616e+002	
2.9791778935e+002	2.9595480614e+002	3.4546143005e+002	3.1687598883e+002	
2.2035208384e+002	2.9729634263e+002	2.6166879360e+002	3.2171574623e+002	
2.4118540940e+002	2.9733418560e+002	2.8175944171e+002	3.2083981545e+002	
3.1765308011e+002	2.9839382964e+002	3.6506425317e+002	3.1840680397e+002	
3.8339948508e+002	2.9783698623e+002	4.3824109351e+002	3.1481769529e+002	
6.0223146958e+002	2.9758517062e+002	6.5813675835e+002	3.0458239043e+002	
6.1220087950e+002	2.9705067461e+002	6.6873452783e+002	3.0357355695e+002	
6.2526582908e+002	2.9724770484e+002	6.8211212954e+002	3.0316560905e+002	
3.7459437419e+001	2.9876633315e+002	8.6800240647e+001	3.3105320108e+002	
4.3352459122e+002	2.9917238909e+002	4.8799739941e+002	3.1389288150e+002	
4.4596871263e+002	2.9891061696e+002	5.0116870198e+002	3.1305946651e+002	
6.3098864561e+002	2.9777076913e+002	6.8771387945e+002	3.0343289529e+002	
6.4392093158e+002	2.9785138447e+002	7.0113990928e+002	3.0291031570e+002	
6.9581849101e+002	2.9752377653e+002	7.5478856913e+002	3.0014750040e+002	
1.4674228662e+002	2.9968717932e+002	1.8366755801e+002	3.2732786812e+002	
3.5538926783e+002	2.9996711779e+002	4.1097404651e+002	3.1818552583e+002	
4.8586217743e+002	2.9964697647e+002	5.4068244827e+002	3.1199348376e+002	
6.5427247434e+002	2.9906135885e+002	7.1228042159e+002	3.0364845708e+002	
8.0831363963e+001	3.0088490713e+002	1.2814926010e+002	3.3125354004e+002	
9.0472142137e+001	3.0166474136e+002	1.3748757977e+002	3.3159744568e+002	
5.5624399764e+002	2.9987823892e+002	6.1183163802e+002	3.0901079199e+002	
5.6054333475e+002	3.0035270848e+002	6.0101077143e+002	3.0948882417e+002	
5.9778188782e+002	3.0035868132e+002	6.5366048246e+002	3.0759071568e+002	
5.9079520320e+002	3.0113605959e+002	6.4675805041e+002	3.0869513712e+002	
1.0740079102e+002	3.0367636051e+002	1.5102102748e+002	3.3285255542e+002	
5.6178562970e+001	3.0560757828e+002	1.0463858183e+002	3.3688552400e+002	
1.3275323334e+002	3.0603341318e+002	1.7659767360e+002	3.3405297068e+002	
1.9365798467e+002	3.0469018031e+002	2.3483015189e+002	3.3012942753e+002	
3.9406192403e+002	3.0489760459e+002	4.4972307642e+002	3.2136385739e+002	
6.0258882313e+002	3.0442712913e+002	6.5843112507e+002	3.1148407287e+002	
2.1901800801e+002	3.0590594095e+002	2.6018470434e+002	3.3021728640e+002	
4.0607129214e+002	3.0544979516e+002	4.6153288959e+002	3.2138086800e+002	
4.1064441134e+002	3.0551404719e+002	4.6574736465e+002	3.2124472901e+002	
4.2188655397e+002	3.0558750703e+002	4.7723944509e+002	3.2081335171e+002	
6.5907741152e+002	3.0491743048e+002	7.1663167175e+002	3.0937746696e+002	
4.6090247550e+002	3.0676338613e+002	5.1573715964e+002	3.2024947047e+002	
6.8960966713e+002	3.0618044285e+002	7.5682381322e+002	3.0913934321e+002	
1.8670475433e+002	3.0845625239e+002	2.2958807441e+002	3.3410085159e+002	
2.3885452331e+002	3.0769289523e+002	2.7986841892e+002	3.3110911483e+002	
5.9577589430e+002	3.0683645645e+002	6.5225958284e+002	3.1422192007e+002	
3.8202801527e+001	3.0974864488e+002	8.7608584241e+001	3.4165506800e+002	
7.6942278765e+001	3.0926962388e+002	1.2482054680e+002	3.3955848520e+002	
1.2043793978e+002	3.0953885886e+002	1.5706415706e+002	3.3804856040e+002	
1.3111904481e+002	3.0953222407e+002	1.7625185195e+002	3.3752288921e+002	
2.5708648337e+002	3.0929012651e+002	2.9879942868e+002	3.3188000668e+002	
3.0559994116e+002	3.0914861376e+002	3.5369444319e+002	3.2956781004e+002	
2.7717722131e+002	3.1011614072e+002	3.2192707836e+002	3.3179328918e+002	
4.8845878134e+002	3.0980053280e+002	5.4865211551e+002	3.2200509230e+002	
2.6809066608e+002	3.1217153163e+002	3.1184000409e+002	3.3422135889e+002	
3.8679386649e+002	3.1206538541e+002	4.4255025825e+002	3.2882752227e+002	
5.3806951088e+002	3.1177693329e+002	5.9941675753e+002	3.2175952539e+002	
1.8596975068e+002	3.1345614205e+002	2.3749992245e+002	3.3896416742e+002	
1.4226685757e+002	3.1398294266e+002	1.8715449867e+002	3.4138924218e+002	
4.2716516757e+002	3.1391392825e+002	4.8231603457e+002	3.2889730419e+002	
3.4369751062e+002	3.1574530695e+002	3.9767154392e+002	3.3439008689e+002	
4.8693152495e+002	3.1443240349e+002	5.4190224899e+002	3.2677346046e+002	
6.0096925059e+002	3.1408067493e+002	6.5658657557e+002	3.2131991755e+002	
6.7304517463e+002	3.1409294017e+002	7.3184439425e+002	3.1804713412e+002	
2.8517784318e+002	3.1513123824e+002	3.3115896880e+002	3.3638221913e+002	
3.9592761470e+002	3.1671105733e+002	4.5107436902e+002	3.3306127459e+002	
6.5169490455e+002	3.1503071800e+002	7.0834445128e+002	3.1998732127e+002	
2.3787987748e+002	3.1750038555e+002	2.7908540084e+002	3.4078057749e+002	
1.1977412774e+002	3.1865595737e+002	1.6633467381e+002	3.4688598172e+002	
5.0742374650e+002	3.1715625887e+002	5.6492092397e+002	3.2857714453e+002	
2.7650511915e+001	3.1881512842e+002	7.9292822913e+001	3.5086409738e+002	
1.5926453022e+002	3.1915730938e+002	2.0285218230e+002	3.4572786408e+002	
6.9333284604e+002	3.1743447729e+002	7.5401789894e+002	3.2050917755e+002	
3.2416544828e+002	3.2005558456e+002	3.7562921747e+002	3.3952967163e+002	
3.1029237242e+002	3.2134481948e+002	3.5993594255e+002	3.4141475234e+002	
5.5285566865e+002	3.2127499648e+002	6.1007270875e+002	3.3071427822e+002	
5.4372400963e+002	3.2206212406e+002	5.9990490632e+002	3.3191949884e+002	
1.5452470700e+002	3.2396927128e+002	1.9866382191e+002	3.5062337250e+002	
1.7373566996e+002	3.2313400859e+002	2.1728863942e+002	3.4900518155e+002	
3.1900026232e+002	3.2352951634e+002	3.7039991800e+002	3.4319361031e+002	
3.5491571842e+002	3.2336822559e+002	4.1048569500e+002	3.4146598492e+002	
3.9349342867e+002	3.2208972143e+002	4.4962779175e+002	3.3852197446e+002	
6.7054433461e+002	3.2236263390e+002	7.3035280263e+002	3.2655619338e+002	
5.6169375525e+000	3.2461984037e+002	5.6711708305e+001	3.5738855334e+002	
5.8905251862e+002	3.2316651010e+002	6.4619379803e+002	3.3102189803e+002	
6.6642187290e+002	3.2269884563e+002	7.2442173926e+002	3.2709828071e+002	
2.1838577763e+002	3.2535093557e+002	2.6125496863e+002	3.4930374599e+002	
4.9801535625e+002	3.2500824300e+002	5.5469985207e+002	3.3688712315e+002	
7.4319226475e+002	3.2432086341e+002	6.8107490189e+002	3.2639707012e+002	
2.7036264928e+001	3.2693093348e+002	7.9384845881e+001	3.5874583647e+002	
3.6766230198e+001	3.2742835143e+002	8.7507241640e+001	3.5883378280e+002	
9.1958275887e+001	3.2736267851e+002	1.3958298734e+002	3.5651387019e+002	
1.5117707257e+002	3.2797384019e+002	1.9623022647e+002	3.5466968774e+002	
2.0407980348e+002	3.2681120380e+002	2.4753969804e+002	3.5133347582e+002	
3.3483086715e+002	3.2743463115e+002	3.8840053571e+002	3.4637661555e+002	
4.6270064464e+002	3.2647500398e+002	5.1891980323e+002	3.3990035672e+002	
5.1993415493e+002	3.2621902726e+002	5.7675018740e+002	3.3714477917e+002	
6.5607796391e+002	3.2695040535e+002	7.1437377395e+002	3.3187463276e+002	
1.0087160778e+002	3.2832320993e+002	1.4648703863e+002	3.5708664333e+002	
2.3670713569e+002	3.2776047381e+002	2.7869919344e+002	3.5090308637e+002	
4.7327408168e+002	3.2786949017e+002	5.2984226843e+002	3.4083688558e+002	
1.7931310750e+002	3.2910981580e+002	2.2286397703e+002	3.5461688148e+002	
2.7119484575e+002	3.2956660573e+002	3.1604073054e+002	3.5121964984e+002	
2.9741355838e+002	3.2878439336e+002	3.4620746130e+002	3.4932521294e+002	
3.4205985073e+002	3.2958170403e+002	3.9736320515e+002	3.4819168505e+002	
3.8853084936e+002	3.2960003869e+002	4.4501253011e+002	3.4622052700e+002	
4.0591921332e+002	3.3042736502e+002	4.6243971317e+002	3.4630062749e+002	
5.7363233479e+002	3.2923400313e+002	6.3108663243e+002	3.3782835916e+002	
6.0839406961e+002	3.2877453721e+002	6.6679409355e+002	3.3583071747e+002	
6.2716969684e+002	3.2850265805e+002	6.8631823377e+002	3.3472235482e+002	
3.5333467092e+002	3.3111504251e+002	4.0995565712e+002	3.4922994664e+002	
4.2322350690e+002	3.3066555990e+002	4.7955439504e+002	3.4579720782e+002	
5.8450276621e+002	3.3076635404e+002	6.4209852141e+002	3.3889935074e+002	
1.3617010427e+002	3.3238061536e+002	1.8295002186e+002	3.5958601231e+002	
4.9360592673e+002	3.3239565717e+002	5.5034871430e+002	3.4449761711e+002	
1.8497518874e+002	3.3387373634e+002	2.2798948116e+002	3.5904541217e+002	
2.0275842174e+002	3.3478545283e+002	2.4547020147e+002	3.5920575535e+002	
6.7811920196e+002	3.3235621601e+002	7.3711677965e+002	3.3638769652e+002	
1.9501079387e+001	3.3546747747e+002	7.1504741128e+001	3.6731594861e+002	
2.5994285755e+002	3.3486225593e+002	3.0485858546e+002	3.5690718418e+002	
2.6603165096e+002	3.3535193213e+002	3.1065618664e+002	3.5713694614e+002	
6.6988303285e+002	3.3405540111e+002	7.2965072123e+002	3.3847334721e+002	
3.5857188521e+001	3.3675747611e+002	8.7224281320e+001	3.6790918921e+002	
1.4837696488e+002	3.3621732216e+002	1.9335191753e+002	3.6283404715e+002	
2.8372894700e+002	3.3659554883e+002	3.3013433745e+002	3.5762232843e+002	
5.8141583406e+002	3.3564169265e+002	6.3884872657e+002	3.4396118029e+002	
6.9843818121e+002	3.3505369549e+002	7.5966220232e+002	3.3822295984e+002	
1.1317187878e+002	3.3782529104e+002	1.6018105505e+002	3.6583171786e+002	
6.1939304990e+001	3.3908296699e+002	1.1240499608e+002	3.6911877787e+002	
1.3131112488e+002	3.3938172485e+002	1.7710620122e+002	3.6661490614e+002	
2.5235165474e+002	3.3883141517e+002	2.9457936914e+002	3.6113371926e+002	
2.9516938326e+002	3.3893164079e+002	3.4398233746e+002	3.5944846652e+002	
4.2970604936e+002	3.3847892683e+002	4.8646244624e+002	3.5332843078e+002	
4.9989747300e+002	3.3847828779e+002	5.5696666976e+002	3.5033562624e+002	
5.1323037970e+002	3.3901912388e+002	5.7028908720e+002	3.5030842805e+002	
8.7438003043e+001	3.4024888009e+002	1.3574281879e+002	3.6922797848e+002	
2.7028666298e+002	3.4023903108e+002	3.1560013611e+002	3.6177521837e+002	
5.1822619028e+002	3.3936527369e+002	5.7569256788e+002	3.5044101673e+002	
5.3181111615e+002	3.4013097996e+002	5.8925154183e+002	3.5062972902e+002	
4.0186897076e+001	3.4133454665e+002	9.1338988785e+001	3.7217226394e+002	
1.5100687973e+002	3.4133121155e+002	1.9642730901e+002	3.6772074869e+002	
3.0903171288e+002	3.4149025367e+002	3.5956887993e+002	3.6140081443e+002	
1.7193440433e+002	3.4225933034e+002	2.1609456885e+002	3.6778094287e+002	
3.8271429553e+002	3.4230597228e+002	4.3977257691e+002	3.5912890874e+002	
2.6046675223e+001	3.4428443381e+002	7.8425279490e+001	3.7559266972e+002	
2.8343223985e+002	3.4286539046e+002	3.3002917030e+002	3.6382241300e+002	
3.9055999939e+002	3.4333981488e+002	4.4767220810e+002	3.5983094433e+002	
4.9704152909e+002	3.4167279839e+002	5.5416276058e+002	3.5366693026e+002	
6.1038669991e+002	3.4271485454e+002	6.6934737126e+002	3.4985547845e+002	
2.9521019330e+002	3.4441018367e+002	3.4416555352e+002	3.6486159630e+002	
4.0354631742e+002	3.4409408611e+002	4.6040506213e+002	3.6004018364e+002	
6.2420128469e+002	3.4300748414e+002	6.8324749356e+002	3.4955568759e+002	
6.2982324743e+002	3.4342839098e+002	6.8898522627e+002	3.4973929108e+002	
6.4335594388e+002	3.4361636490e+002	7.0312461289e+002	3.4934300881e+002	
3.3337469805e+002	3.4499181527e+002	3.8778874240e+002	3.6385842506e+002	
4.2157602348e+002	3.4500355280e+002	4.7865645793e+002	3.6019271490e+002	
4.6285684009e+002	3.4473949387e+002	5.1993724965e+002	3.5819279885e+002	
5.6427038164e+002	3.4452929310e+002	6.3483204800e+002	3.5363376486e+002	
2.2075383214e+002	3.4579427018e+002	2.6404161153e+002	3.6926665279e+002	
2.3403814505e+002	3.4604344298e+002	2.7692591985e+002	3.6897244384e+002	
3.4110260534e+002	3.4627826019e+002	3.9689273007e+002	3.6481502902e+002	
1.6756692444e+001	3.4790442987e+002	6.8614533956e+001	3.7946101844e+002	
1.2939324191e+002	3.4742534555e+002	1.7626387619e+002	3.7453803872e+002	
1.5616301510e+002	3.4771951765e+002	2.0126090032e+002	3.7375398055e+002	
1.6355959285e+002	3.4803025246e+002	2.0948189094e+002	3.7376306254e+002	
2.7007023597e+002	3.4706140809e+002	3.1499961488e+002	3.6850914637e+002	
3.0851002420e+002	3.4690080088e+002	3.5909232009e+002	3.6677777082e+002	
3.1752148974e+002	3.4705589361e+002	3.7023931093e+002	3.6656051653e+002	
1.7281440627e+002	3.4862036788e+002	2.1817937966e+002	3.7396909907e+002	
1.8354434874e+002	3.4880819952e+002	2.2798742381e+002	3.7372187987e+002	
5.5907720517e+002	3.4727342763e+002	6.1766612022e+002	3.5666268815e+002	
6.0731808370e+002	3.4668151260e+002	6.6629938006e+002	3.5400407675e+002	
1.1005405734e+002	3.4969000655e+002	1.5771647978e+002	3.7751498845e+002	
2.5169038759e+002	3.4895013702e+002	2.9447941305e+002	3.7111464789e+002	
2.8106338900e+002	3.4794147291e+002	3.2810279653e+002	3.6892947427e+002	
3.8466815808e+002	3.4872848772e+002	4.4233561824e+002	3.6544880188e+002	
6.4516333660e+002	3.4756490309e+002	7.0498481786e+002	3.5327334666e+002	
5.2180575988e+001	3.5080792524e+002	1.0320622541e+002	3.8088731103e+002	
3.3323529967e+002	3.5028160774e+002	3.8789900439e+002	3.6911459916e+002	
4.5216892505e+002	3.4933836400e+002	5.0897915832e+002	3.6324966999e+002	
5.6923969138e+002	3.4959033172e+002	6.2745488642e+002	3.5857089270e+002	
5.7457708066e+002	3.4944570010e+002	6.3283222842e+002	3.5819814952e+002	
6.9141980964e+002	3.4870308600e+002	7.5236495495e+002	3.5243505953e+002	
3.4054298271e+002	3.5120403082e+002	3.9707226673e+002	3.6973176276e+002	
4.2411508139e+002	3.5112121450e+002	4.8125454886e+002	3.6620172951e+002	
4.6366543911e+002	3.5025375845e+002	5.2075541784e+002	3.6368619378e+002	
4.9917333595e+002	3.5062944405e+002	5.5699073173e+002	3.6257539223e+002	
3.4901421731e+002	3.5248079723e+002	4.0701293354e+002	3.7065460916e+002	
5.1237991962e+002	3.5153350447e+002	5.7036236489e+002	3.6292987602e+002	
1.0442961252e+002	3.5363662837e+002	1.5292051940e+002	3.8158317545e+002	
5.1774706874e+002	3.5210147532e+002	5.7572263912e+002	3.6327605655e+002	
5.3106575965e+002	3.5252264745e+002	5.8911858366e+002	3.6314065767e+002	
6.8043924894e+002	3.5238585348e+002	7.4144537594e+002	3.5665689894e+002	
3.3090619394e+001	3.5420454963e+002	7.6127670486e+001	3.8488914641e+002	
9.6401790287e+001	3.5451723263e+002	1.4376664559e+002	3.8275069900e+002	
1.7657925835e+002	3.5433047760e+002	2.3156192574e+002	3.7943445280e+002	
2.6023258933e+002	3.5396031055e+002	3.0606679558e+002	3.7570690205e+002	
2.6509520705e+002	3.5400359698e+002	3.0998163816e+002	3.7555231549e+002	
3.2119345418e+002	3.5477372640e+002	3.7452046080e+002	3.7406114738e+002	
3.8872539736e+002	3.5311699867e+002	4.4639724510e+002	3.6965731068e+002	
4.3612378328e+002	3.5423710797e+002	4.9338779239e+002	3.6882056411e+002	
6.8631425143e+002	3.5288504461e+002	7.4788042989e+002	3.5691201092e+002	
5.1163964350e+001	3.5467618039e+002	1.0216788557e+002	3.8468061200e+002	
1.1400713347e+002	3.5590954048e+002	1.6964909020e+002	3.8345033620e+002	
4.4643138856e+002	3.5477979000e+002	5.0437148727e+002	3.6893754594e+002	
5.6601421438e+001	3.5666157402e+002	1.0647302070e+002	3.8639186284e+002	
6.1003847736e+002	3.5510396770e+002	6.6963412888e+002	3.6241704175e+002	
1.6421771036e+002	3.5696365737e+002	2.1025161198e+002	3.8247388849e+002	
2.3395341757e+002	3.5704201984e+002	2.7674805504e+002	3.7978240279e+002	
4.2745782188e+002	3.5700051341e+002	4.8509042593e+002	3.7194252652e+002	
4.5814395219e+002	3.5668264303e+002	5.1577189782e+002	3.7035949925e+002	
6.2347831103e+002	3.5588479252e+002	6.8333726130e+002	3.6263947726e+002	
6.2972347196e+002	3.5633505161e+002	6.8957135451e+002	3.6283182165e+002	
1.7389048059e+002	3.5867411032e+002	2.1968009632e+002	3.8376638835e+002	
2.4897380092e+002	3.5831131046e+002	2.9457563586e+002	3.8044158785e+002	
3.0549267471e+002	3.5855627715e+002	3.5678291921e+002	3.7843872094e+002	
3.3656571749e+002	3.5802140235e+002	3.9154758621e+002	3.7666365917e+002	
6.4245660351e+002	3.5675697588e+002	7.0268047319e+002	3.6272041116e+002	
2.1534952665e+002	3.5895142854e+002	2.5902677754e+002	3.8239757724e+002	
5.3523385618e+002	3.5825005677e+002	5.9339867654e+002	3.6873657686e+002	
6.8804642065e+002	3.5848005614e+002	7.4980790962e+002	3.6253622087e+002	
4.4464754013e+001	3.6042852026e+002	9.5523555518e+001	3.9051973831e+002	
7.2141964943e+001	3.6100526332e+002	1.1230528796e+002	3.8995803926e+002	
9.3142276179e+001	3.6047598741e+002	1.4199312832e+002	3.8868279174e+002	
1.9891696611e+002	3.6105521918e+002	2.4317025002e+002	3.8511032701e+002	
1.4831134110e+002	3.6171397052e+002	1.9523020071e+002	3.8774345887e+002	
2.6066427433e+002	3.6094674413e+002	3.0617515244e+002	3.8257234529e+002	
2.8009700938e+002	3.6092378799e+002	3.2803082896e+002	3.8178558931e+002	
4.7338176534e+002	3.6104198180e+002	5.3110061189e+002	3.7410324761e+002	
3.8706650163e+002	3.6208851908e+002	4.4505794059e+002	3.7867348033e+002	
5.0040468665e+002	3.6178628345e+002	5.5873796943e+002	3.7373934529e+002	
5.1076415131e+002	3.6207452286e+002	5.6875417169e+002	3.7360158778e+002	
6.4810440450e+002	3.6126321716e+002	7.0847444177e+002	3.6705790782e+002	
3.0571930048e+002	3.6342909802e+002	3.4600015722e+002	3.8321360274e+002	
4.8226433391e+002	3.6250688267e+002	5.4075833149e+002	3.7520995571e+002	
5.1934783777e+002	3.6288966608e+002	5.7754540764e+002	3.7406807878e+002	
5.2883788091e+002	3.6296163546e+002	5.8776221709e+002	3.7374979622e+002	
6.0272855040e+002	3.6282425400e+002	6.6268075838e+002	3.7054342561e+002	
2.2718974502e+001	3.6536089422e+002	7.4674091466e+001	3.9613245626e+002	
2.9251035936e+001	3.6523059842e+002	8.1662464001e+001	3.9576278094e+002	
3.2986037063e+002	3.6571292385e+002	3.8489800244e+002	3.8456968510e+002	
5.7546925216e+002	3.6444291745e+002	6.3453022336e+002	3.7331449310e+002	
7.4391597978e+001	3.6699497250e+002	1.2393401587e+002	3.9574541815e+002	
4.2859697401e+002	3.6662198354e+002	4.8649755542e+002	3.8152043341e+002	
4.5146664300e+002	3.6544347145e+002	5.0940850941e+002	3.7941305240e+002	
5.6706035380e+002	3.6440822790e+002	6.2609151594e+002	3.7362798849e+002	
6.5732046031e+002	3.6521296059e+002	7.1829419636e+002	3.7068439837e+002	
4.7128337369e+001	3.6754586521e+002	9.8903262240e+001	3.9732830389e+002	
1.1330866537e+002	3.6748190834e+002	1.6202334765e+002	3.9473204960e+002	
2.0592180767e+002	3.6786238123e+002	2.5076773604e+002	3.9151602251e+002	
4.2330555919e+002	3.6708856826e+002	4.8112024733e+002	3.8220068644e+002	
4.9169895437e+002	3.6633137788e+002	5.4969335957e+002	3.7866414655e+002	
1.5450805422e+002	3.6827406868e+002	2.0017869600e+002	3.9390789094e+002	
2.4922407043e+002	3.6832571591e+002	2.9308712340e+002	3.9028140402e+002	
3.5972099064e+002	3.6829206948e+002	4.1838803193e+002	3.8595750617e+002	
3.8228765689e+002	3.6891836806e+002	4.4049713461e+002	3.8567802235e+002	
6.7762514407e+002	3.6700907413e+002	7.3961036258e+002	3.7166151033e+002	
9.1056729949e+001	3.6909361992e+002	1.3955760334e+002	3.9714701801e+002	
5.3512250394e+002	3.6940177722e+002	5.9402428345e+002	3.7998133101e+002	
6.8888109771e+002	3.6772989476e+002	7.5100419434e+002	3.7192400007e+002	
2.7985917749e+001	3.7061391949e+002	8.0313715777e+001	4.0102659422e+002	
2.0105985852e+002	3.7300809065e+002	2.4619762250e+002	3.9675326293e+002	
6.5827863070e+001	3.7308921747e+002	1.1672104077e+002	4.0200163593e+002	
3.4050955043e+002	3.7347054872e+002	3.9775176439e+002	3.9186418534e+002	
4.5677731278e+002	3.7441090885e+002	5.1475308589e+002	3.8818600963e+002	
4.9848000539e+002	3.7350000773e+002	5.5717030852e+002	3.8559627357e+002	
4.2685286594e+002	3.7495803102e+002	4.8496433316e+002	3.8993060069e+002	
5.1127681650e+002	3.7425580113e+002	5.7017244273e+002	3.8584012812e+002	
5.1705448987e+002	3.7485174503e+002	5.7593207044e+002	3.8620633657e+002	
2.1462240980e+002	3.7678223045e+002	2.5915764945e+002	3.9993371324e+002	
3.8227681589e+002	3.7630563255e+002	4.4101983356e+002	3.9304847111e+002	
5.2971244354e+002	3.7515862767e+002	5.8893512706e+002	3.8600474009e+002	
1.4441093619e+002	3.7755142441e+002	1.9150795334e+002	4.0336835962e+002	
4.9055895406e+002	3.7637789449e+002	5.4948072135e+002	3.8880939483e+002	
6.8920890485e+002	3.7652254455e+002	7.4117306974e+002	3.8084074397e+002	
5.6329232831e+002	3.7829785468e+002	6.2181742037e+002	3.8780943493e+002	
6.2246934853e+002	3.7817541622e+002	6.8348085304e+002	3.8528942092e+002	
3.8244652410e+002	3.7881036863e+002	4.4104318275e+002	3.9553915887e+002	
6.0929332586e+002	3.7809449949e+002	6.6994794095e+002	3.8574379058e+002	
2.8091139390e+002	3.8090629640e+002	3.3058098242e+002	4.0149948988e+002	
3.3825022472e+002	3.8046803855e+002	3.9571313039e+002	3.9890971374e+002	
2.9224926987e+002	3.8189941027e+002	3.4311419751e+002	4.0205571799e+002	
3.0669576698e+002	3.8162407285e+002	3.5880045758e+002	4.0123751642e+002	
3.1567679982e+002	3.8169817895e+002	3.6980201870e+002	4.0098043531e+002	
3.3226003160e+002	3.8152497400e+002	3.8764141116e+002	4.0017691010e+002	
3.5271850584e+002	3.8229216566e+002	4.1141980382e+002	4.0017093445e+002	
5.5424021419e+002	3.8065748127e+002	6.1416276853e+002	3.9056418373e+002	
6.2820603203e+002	3.7989232048e+002	6.8918023789e+002	3.8679709330e+002	
2.6681917261e+002	3.8240963280e+002	3.1296796223e+002	4.0349342882e+002	
4.4509974521e+002	3.8180181505e+002	5.0377355528e+002	3.9606146867e+002	
5.8085677042e+002	3.8153285082e+002	6.3972035704e+002	3.9037025449e+002	
6.8592865026e+001	3.8322775618e+002	1.1969795467e+002	4.1175554662e+002	
1.2102567786e+002	3.8373849743e+002	1.6735661294e+002	4.1027215617e+002	
1.8485239878e+002	3.8394146942e+002	2.3093471404e+002	4.0809465266e+002	
2.0536810359e+002	3.8278209668e+002	2.5116390889e+002	4.0618489736e+002	
6.8909267229e+000	3.8498332811e+002	6.0284560096e+001	4.1572756350e+002	
3.0769704959e+001	3.8495815326e+002	8.2966605404e+001	4.1482598942e+002	
2.2811639801e+002	3.8421170311e+002	2.7253631450e+002	4.0671931699e+002	
3.1040334716e+002	3.8452355955e+002	3.6445100423e+002	4.0398389468e+002	
4.7759632456e+002	3.8385761753e+002	5.3776930424e+002	3.9684867737e+002	
5.3504818383e+002	3.8455233474e+002	5.9455727561e+002	3.9526086088e+002	
8.1940681772e+001	3.8533835053e+002	1.3144626095e+002	4.1330170880e+002	
2.1968391687e+002	3.8518202048e+002	2.6371638920e+002	4.0798624370e+002	
6.0039200028e+002	3.8569465470e+002	6.6145537620e+002	3.9380708088e+002	
6.7620332240e+002	3.8396353831e+002	7.3891097375e+002	3.8898557463e+002	
2.4837688334e+002	3.8645866897e+002	2.9317032598e+002	4.0816977175e+002	
2.5740408276e+002	3.8623178155e+002	3.0489420939e+002	4.0763144095e+002	
2.8117945949e+002	3.8537751038e+002	3.3004769858e+002	4.0589982915e+002	
6.6766311933e+002	3.8503530655e+002	7.3018845659e+002	3.9042379933e+002	
6.8788434921e+002	3.8540337596e+002	7.5108285553e+002	3.8997824458e+002	
1.5501602825e+002	3.8842555298e+002	1.9959002937e+002	4.1357504380e+002	
2.3320777858e+002	3.8915439331e+002	2.7748809515e+002	4.1138602511e+002	
3.8580814386e+002	3.8770834014e+002	4.4501141934e+002	4.0428974139e+002	
4.2123313492e+002	3.8901208778e+002	4.8026043702e+002	4.0421745069e+002	
5.8170728194e+002	3.8959131155e+002	6.4203272475e+002	3.9849535019e+002	
7.6909804878e+001	3.9142512368e+002	1.2671487801e+002	4.1940875817e+002	
4.7879559910e+002	3.9231356776e+002	5.3856626388e+002	4.0529301263e+002	
6.0213466641e+002	3.9198798045e+002	6.6266373893e+002	4.0010952885e+002	
4.5773515548e+002	3.9309995824e+002	5.1712528474e+002	4.0689841490e+002	
2.3325027248e+002	3.9388327727e+002	2.7800964965e+002	4.1604003837e+002	
1.1683960587e+002	3.9559539923e+002	1.6380138323e+002	4.2199425472e+002	
1.8243795546e+002	3.9538766435e+002	2.2698167977e+002	4.1938166745e+002	
2.1302348567e+002	3.9576781337e+002	2.5699986176e+002	4.1862794640e+002	
2.5741774543e+002	3.9527399966e+002	3.0485665833e+002	4.1654492880e+002	
9.2772660486e+000	3.9701411558e+002	6.2916736717e+001	4.2729193620e+002	
2.6423648546e+002	3.9650982138e+002	3.1161476769e+002	4.1751006116e+002	
4.9228397992e+002	3.9556949880e+002	5.5224018243e+002	4.0804205201e+002	
4.9693815193e+002	3.9547516957e+002	5.5684601254e+002	4.0776576659e+002	
5.1071539664e+002	3.9606246246e+002	5.7044540407e+002	4.0781890045e+002	
6.9691394930e+002	3.9485927941e+002	7.6171348206e+002	3.9926435153e+002	
4.6676086021e+002	3.9704658826e+002	5.2577374916e+002	4.1050558351e+002	
5.1569643786e+002	3.9677563668e+002	5.7558353268e+002	4.0834451704e+002	
5.2871712545e+002	3.9711824051e+002	5.8944084189e+002	4.0818989642e+002	
3.8109248675e+001	3.9876902264e+002	9.1038425006e+001	4.2796900387e+002	
4.8614525132e+002	3.9840889867e+002	5.4586641017e+002	4.1113241361e+002	
1.9152952940e+002	3.9972860854e+002	2.3666941185e+002	4.2331296232e+002	
1.4519804546e+001	4.0092170463e+002	6.9366668366e+001	4.3091216146e+002	
3.2382044191e+002	4.0009388250e+002	3.7920972279e+002	4.1893544000e+002	
3.8497898492e+002	4.0008313899e+002	4.4489663551e+002	4.1667900817e+002	
1.1580713114e+002	4.0135359334e+002	1.6320735255e+002	4.2765247888e+002	
4.5832494664e+002	4.0019072254e+002	5.1782431582e+002	4.1398979339e+002	
6.0349439140e+002	4.0091111969e+002	6.6522181303e+002	4.0910765001e+002	
1.6971366507e+002	4.0258275413e+002	2.1524940143e+002	4.2690133857e+002	
2.8559214344e+002	4.0195648536e+002	3.3462916863e+002	4.2211964962e+002	
5.3819810587e+002	4.0122811422e+002	5.9851912027e+002	4.1196251343e+002	
6.0771905533e+002	4.0110370118e+002	6.6943478384e+002	4.0913694860e+002	
6.2236204617e+002	4.0174269648e+002	6.8440781250e+002	4.0921288381e+002	
6.2742891887e+002	4.0159953928e+002	6.8953850669e+002	4.0886885376e+002	
4.3610092128e+002	4.0344943692e+002	4.9579884000e+002	4.1810615633e+002	
5.7837122887e+002	4.0275357240e+002	6.3947798982e+002	4.1194991366e+002	
6.4134049571e+002	4.0215266892e+002	7.0409746152e+002	4.0888864038e+002	
6.7675022496e+002	4.0170432503e+002	7.3985025338e+002	4.0703544012e+002	
5.6244819127e+001	4.0469161090e+002	1.0766603905e+002	4.3306078594e+002	
1.2153850126e+002	4.0495047111e+002	1.7053303864e+002	4.3098272887e+002	
1.3635256875e+002	4.0468921967e+002	1.8140622904e+002	4.3014276149e+002	
2.6318937287e+002	4.0460640598e+002	3.1018074643e+002	4.2553011793e+002	
3.7598336746e+002	4.0443166063e+002	4.3588755432e+002	4.2135667696e+002	
5.9710395259e+002	4.0351488326e+002	6.5867851022e+002	4.1199486301e+002	
2.0033599017e+002	4.0569009601e+002	2.4551968340e+002	4.2884341018e+002	
2.4222091904e+002	4.0551505024e+002	2.8775111258e+002	4.2716694284e+002	
2.5783868218e+002	4.0524805012e+002	3.0557291455e+002	4.2636806824e+002	
2.7659813882e+002	4.0612762762e+002	3.2550051697e+002	4.2656924915e+002	
6.5152821319e+002	4.0586844727e+002	7.1431509751e+002	4.1226604035e+002	
2.1006608843e+002	4.0748202255e+002	2.5451463422e+002	4.3024264450e+002	
2.4741546675e+002	4.0711503232e+002	2.9391006512e+002	4.2856851738e+002	
3.2737972945e+002	4.0771228708e+002	3.8328184952e+002	4.2637486515e+002	
3.5094339045e+002	4.0725498668e+002	4.1103994849e+002	4.2510620139e+002	
3.6315529428e+001	4.0902543202e+002	8.9452409908e+001	4.3798751888e+002	
6.9221261985e+002	4.0744702509e+002	7.5634801972e+002	4.1228726119e+002	
6.7468262219e+001	4.1022744003e+002	1.1858752209e+002	4.3804716492e+002	
4.2206881464e+002	4.0911614708e+002	4.8248991688e+002	4.2431847745e+002	
4.5504941128e+002	4.1007785281e+002	5.1495034438e+002	4.2403770764e+002	
3.1170990802e+002	4.1175232861e+002	3.6660366735e+002	4.3094394686e+002	
3.8455767204e+002	4.1038656821e+002	4.4496922088e+002	4.2698655764e+002	
6.6964785369e+002	4.1017412708e+002	7.3351871781e+002	4.1594959337e+002	
1.5326101361e+001	4.1241888064e+002	7.0082881248e+001	4.4202448380e+002	
1.1356956240e+002	4.1252885137e+002	1.6190682775e+002	4.3864533783e+002	
1.2404215420e+002	4.1295864163e+002	1.7073968165e+002	4.3867273689e+002	
1.4888724563e+002	4.1265301942e+002	1.9412795576e+002	4.3748422689e+002	
1.6295035321e+002	4.1248810102e+002	2.0878729119e+002	4.3684101597e+002	
6.7892301048e+002	4.1127038964e+002	7.4279908320e+002	4.1670412768e+002	
5.0075954753e+001	4.1454438272e+002	1.3518428563e+002	4.4347617200e+002	
2.5676893762e+002	4.1444036557e+002	3.0489107833e+002	4.3547805635e+002	
2.8911613284e+002	4.1482319228e+002	3.3996023622e+002	4.3474110776e+002	
4.6586908164e+002	4.1458137426e+002	5.2575610353e+002	4.2815162301e+002	
3.4871117743e+002	4.1499350925e+002	4.0906562018e+002	4.3289848796e+002	
3.5823225314e+002	4.1450998519e+002	4.1906006732e+002	4.3207583066e+002	
3.7878144939e+002	4.1662521214e+002	4.3882565574e+002	4.3342132943e+002	
5.0597079292e+002	4.1579745573e+002	5.6706387438e+002	4.2788772051e+002	
6.7976452398e+001	4.1726043316e+002	1.1906335376e+002	4.4486857604e+002	
1.5710780435e+002	4.1748955980e+002	2.0333739544e+002	4.4194520778e+002	
3.2708668546e+002	4.1715556446e+002	3.8333826252e+002	4.3577061422e+002	
1.3738974946e+002	4.1817388396e+002	1.8344300516e+002	4.4329152890e+002	
4.2436400514e+002	4.1827109990e+002	4.8477370051e+002	4.3339851718e+002	
7.9765445609e+001	4.1917285176e+002	1.2876554995e+002	4.4628873660e+002	
1.0664099347e+002	4.1942802860e+002	1.5571882130e+002	4.4562557637e+002	
2.5600273142e+002	4.1956017613e+002	3.0488455648e+002	4.4056799289e+002	
5.8147813391e+002	4.2005845858e+002	6.4439621382e+002	4.2936768009e+002	
1.8017672102e+002	4.2157207422e+002	2.2485547132e+002	4.4511645780e+002	
4.1235698918e+002	4.2124715828e+002	4.7261209768e+002	4.3681514093e+002	
6.7006239261e+002	4.1983939786e+002	7.4251257816e+002	4.2588569642e+002	
2.7216011960e+002	4.2271109774e+002	3.2121780607e+002	4.4311169966e+002	
6.2842260678e+001	4.2345770117e+002	7.1317378102e+001	4.5018244910e+002	
4.5520872933e+002	4.2253128116e+002	5.1576214867e+002	4.3653631442e+002	
4.6861579898e+002	4.2262499546e+002	5.2966765894e+002	4.3614470529e+002	
9.1068399096e+001	4.2552912958e+002	1.3666726769e+002	4.5202472911e+002	
1.0327475835e+002	4.2549925743e+002	1.4676161843e+002	4.5154321084e+002	
2.2424764930e+002	4.2462566949e+002	2.7081454775e+002	4.4662645018e+002	
5.0625593181e+002	4.2506210566e+002	5.6722280020e+002	4.3720572674e+002	
2.7245884910e+002	4.2581488229e+002	3.2197888130e+002	4.4617564634e+002	
3.8733794516e+002	4.2662247559e+002	4.4302428296e+002	4.4301584015e+002	
4.2722056170e+002	4.2597924196e+002	4.8245677151e+002	4.4092678753e+002	
5.1463824234e+002	4.2566663100e+002	5.7562183386e+002	4.3750517072e+002	
6.3710879609e+002	4.2458830908e+002	7.0239625433e+002	4.3188899479e+002	
1.4680479032e+002	4.2701020762e+002	1.9181615556e+002	4.5158382304e+002	
2.6270184312e+002	4.2708076902e+002	3.0931206571e+002	4.4771098605e+002	
4.8265415196e+002	4.2755263679e+002	5.4298966463e+002	4.4056993007e+002	
5.5245707954e+002	4.2708577769e+002	6.1417862089e+002	4.3754699227e+002	
6.2148276203e+002	4.2575973230e+002	6.8422449067e+002	4.3363445061e+002	
2.7783622994e+002	4.2755529093e+002	3.2719846544e+002	4.4770449656e+002	
8.5924974083e+001	4.2931342282e+002	1.3186107732e+002	4.5588508535e+002	
6.1845408430e+001	4.3043625684e+002	1.0849952984e+002	4.5778554628e+002	
7.9539259304e+001	4.3067450073e+002	1.2709718737e+002	4.5745579380e+002	
2.4896612219e+002	4.3002057335e+002	2.9547847385e+002	4.5108315942e+002	
7.1644095239e+002	4.2859878991e+002	7.1008839519e+002	4.3195881840e+002	
3.6994579228e+002	4.3199322105e+002	4.2131202893e+002	4.4890979085e+002	
4.5346231317e+002	4.3126839176e+002	5.1588497852e+002	4.4540062352e+002	
2.4128881879e+002	4.3358514869e+002	2.8598709086e+002	4.5482054415e+002	
2.9784321289e+002	4.3324565079e+002	3.4565362006e+002	4.5260598106e+002	
4.3365655083e+002	4.3276875660e+002	4.8994876942e+002	4.4750808153e+002	
1.3688806095e+002	4.3507768517e+002	1.8056291769e+002	4.5976732729e+002	
1.7491684061e+002	4.3560690440e+002	2.1800797115e+002	4.5900907996e+002	
1.8358499932e+002	4.3522333371e+002	2.2666779688e+002	4.5834369536e+002	
2.0556792250e+002	4.3471794679e+002	2.4911667908e+002	4.5712028950e+002	
4.2712664133e+002	4.3434588500e+002	4.7949188436e+002	4.4924703749e+002	
6.6635539780e+002	4.3323300171e+002	7.3127447836e+002	4.3957810800e+002	
1.1787726196e+002	4.3590487825e+002	1.6170834489e+002	4.6120421643e+002	
6.9452394420e+002	4.3450261254e+002	6.4235075702e+002	4.3800128856e+002	
2.2469449867e+001	4.3665586036e+002	7.9639069566e+001	4.6534845155e+002	
2.2478573210e+002	4.3754153338e+002	2.6776514878e+002	4.5923466601e+002	
5.1499090173e+002	4.3540920367e+002	5.7453526024e+002	4.4728531017e+002	
5.1649349142e+002	4.3527261794e+002	5.2497237949e+002	4.4618750711e+002	
5.3972234532e+002	4.3688409278e+002	5.9753282532e+002	4.4784307025e+002	
5.5962905239e+002	4.3721519037e+002	6.1732817615e+002	4.4745042686e+002	
5.6349121968e+002	4.3645236077e+002	6.2619428303e+002	4.4662594268e+002	
6.4758940529e+002	4.3696620134e+002	7.1481363926e+002	4.4411902945e+002	
6.7709823478e+002	4.3717813125e+002	7.4181752884e+002	4.4319292452e+002	
3.6857246339e+001	4.3880668689e+002	3.9913341635e+001	4.6563066210e+002	
5.3278132576e+001	4.3885946110e+002	9.4343824194e+001	4.6610322430e+002	
2.8616820012e+002	4.3896857527e+002	3.3092174170e+002	4.5860192400e+002	
5.7765552826e+002	4.3797345181e+002	6.0292789385e+002	4.4698774126e+002	
5.9035625496e+002	4.3714691772e+002	6.4967021860e+002	4.4628498772e+002	
6.6121610341e+002	4.3849252415e+002	6.6913543580e+002	4.4417408833e+002	
7.6379816760e+002	4.3786653900e+002	7.6374984797e+002	4.3963305184e+002	
9.2036661247e+001	4.3962548968e+002	1.3337816036e+002	4.6560893080e+002	
4.6085727437e+002	4.3912116255e+002	5.1173523078e+002	4.5279835968e+002	
4.0033062362e+002	4.4009842631e+002	4.4806168834e+002	4.5584572805e+002	
6.2926009828e+002	4.3996342485e+002	6.8597494134e+002	4.4766501713e+002	
6.8333875925e+001	4.4168370985e+002	1.0805483309e+002	4.6832789783e+002	
6.3931575752e+002	4.4084401056e+002	7.0354561041e+002	4.4832045708e+002	
6.1227760307e+001	4.4526875008e+002	1.0180820140e+002	4.7205242383e+002	
2.0766181575e+002	4.4429353083e+002	2.4700868109e+002	4.6635128169e+002	
2.6639879024e+002	4.4660374178e+002	3.0513808253e+002	4.6666464959e+002	
4.3328421963e+002	4.4610357141e+002	4.7891120839e+002	4.6064614938e+002	
7.3796866750e+002	4.4478976493e+002	7.3670416393e+002	4.4755831082e+002	
3.2739901885e+002	4.4752038850e+002	3.6696162769e+002	4.6554661286e+002	
4.9962401223e+002	4.4662144616e+002	5.4761708035e+002	4.5889129051e+002	
7.6284641912e+002	4.4868012057e+002	7.6386084359e+002	4.5061955837e+002	
3.4999188431e+002	4.5084753700e+002	3.9022109278e+002	4.6809749164e+002	
3.8000356308e+002	4.5150859146e+002	4.2005413422e+002	4.6773616922e+002	
4.5186917476e+001	4.5390688169e+002	7.8955999149e+001	4.8072987938e+002	
3.4558415444e+002	4.5334663048e+002	3.8135433293e+002	4.7061627691e+002	
3.6196787398e+002	4.5309773807e+002	3.9981636326e+002	4.6987067771e+002	
6.3120490072e+002	4.5288336181e+002	6.8293244171e+002	4.6060402433e+002	
4.5624047376e+002	4.5429776785e+002	4.9675087438e+002	4.6792804129e+002	
2.5464446278e+002	4.5492036929e+002	2.8443579835e+002	4.7501192328e+002	
2.8757688159e+002	4.5576143906e+002	3.1987657005e+002	4.7483203185e+002	
3.2064693837e+002	4.5511693930e+002	3.5629082472e+002	4.7319329198e+002	
5.3614496613e+002	4.5601805233e+002	5.8103706674e+002	4.6698792893e+002	
6.5692703880e+002	4.5579181151e+002	7.0962526547e+002	4.6265221860e+002	
5.2545727287e+002	4.5990058428e+002	5.6793937507e+002	4.7120718916e+002	
4.6955223159e+002	4.6134486959e+002	5.0823006648e+002	4.7447618070e+002	
4.0008081177e+002	4.6208885097e+002	4.3358559811e+002	4.7741999644e+002	
3.3327869063e+002	4.6522564736e+002	3.6369332117e+002	4.8263743547e+002	
4.7756595469e+002	4.6568361433e+002	5.0703033532e+002	4.7831435885e+002	
8.9992681266e+001	4.6765891969e+002	1.1006039796e+002	4.9227255941e+002	
2.1362302205e+002	4.6784006553e+002	2.3465653016e+002	4.8872914158e+002	
3.6823967843e+002	4.6705970098e+002	3.9917332132e+002	4.8333277481e+002	
2.5529348665e+002	4.6876039805e+002	2.7851361057e+002	4.8839808729e+002	
4.9328706003e+002	4.6894398955e+002	5.2711163509e+002	4.8115722452e+002	
6.0380500057e+002	4.6823497194e+002	6.4585065493e+002	4.7688900838e+002	
3.9095287337e+002	4.7004084998e+002	4.2171457319e+002	4.8554669072e+002	
3.0322434216e+002	4.7013302308e+002	3.2784341633e+002	4.8827996184e+002	
5.6623520191e+002	4.7011123706e+002	6.0478722015e+002	4.7998415108e+002	
2.7316859731e+001	4.7271985656e+002	3.9075255248e+001	4.9870885695e+002	
5.9299712706e+002	4.7013017372e+002	6.3284794628e+002	4.7912067712e+002	
7.6179247451e+002	4.6977742225e+002	7.6141138559e+002	4.7196292987e+002	
1.6496946792e+002	4.7258713722e+002	1.7985263587e+002	4.9465233240e+002	
4.3602428873e+002	4.7191834858e+002	4.9178624260e+002	4.8662001894e+002	
1.8249105596e+002	4.7343212573e+002	1.9789517077e+002	4.9496410352e+002	
1.8805628251e+002	4.7456967878e+002	2.0354591666e+002	4.9590713429e+002	
2.7774712832e+002	4.7488424725e+002	2.5337628393e+002	4.9228333439e+002	
3.5380662806e+001	4.7520850013e+002	4.9152566091e+001	5.0093819549e+002	
3.6865073171e+002	4.7688952801e+002	3.9127252235e+002	4.9282023755e+002	
5.9294585117e+002	4.7656986916e+002	6.2889030252e+002	4.8551760928e+002	
2.2599454081e+002	4.7783022692e+002	2.4248835144e+002	4.9797644703e+002	
3.3563064265e+002	4.7731451646e+002	3.5861162233e+002	4.9429210115e+002	
4.7797927014e+002	4.7730436043e+002	5.0875108494e+002	4.8994163814e+002	
4.4996836255e+002	4.7892221283e+002	4.7929504490e+002	4.9242721729e+002	
4.6017080353e+002	4.7868645761e+002	4.9027719716e+002	4.9188348225e+002	
3.0525952677e+002	4.7956538626e+002	3.2350029862e+002	4.9731177781e+002	
1.6611000922e+002	4.8127066032e+002	1.7716814737e+002	5.0293397489e+002	
1.6035868604e+002	4.8121235979e+002	1.7169563272e+002	5.0305480218e+002	
2.6811633072e+002	4.8106122176e+002	2.8396090947e+002	4.9984300289e+002	
4.0809804804e+002	4.8161968097e+002	4.2956495689e+002	4.9622191255e+002	
4.8631177800e+002	4.8177247217e+002	4.6329511018e+002	4.9259463489e+002	
3.8272472938e+002	4.8211297956e+002	4.0352634410e+002	4.9749156156e+002	
5.4652576278e+001	4.8354874858e+002	6.2450293039e+001	5.0820936022e+002	
3.6943782593e+002	4.8358069977e+002	3.8839590135e+002	4.9930327927e+002	
3.9207341871e+002	4.8276930913e+002	4.1221242183e+002	4.9782763780e+002	
1.7153409598e+001	4.8529719706e+002	2.4031892308e+001	5.1088976359e+002	
3.8259192050e+001	4.8527777373e+002	4.6113433960e+001	5.1032758438e+002	
1.1194939077e+002	4.8393990022e+002	1.1886098966e+002	5.0694205298e+002	
6.2515784338e+001	4.8573346422e+002	6.9251241765e+001	5.1005438193e+002	
7.0585683130e+002	4.8486975310e+002	7.4559688780e+002	4.9017899367e+002	
2.8883740726e+002	4.8636543662e+002	3.0213814051e+002	5.0433766114e+002	
3.2802771916e+002	4.8661197861e+002	3.4243324791e+002	5.0342791267e+002	
6.4914110588e+002	4.8628637827e+002	6.8379971765e+002	4.9340147417e+002	
2.7373721514e+002	4.8930401958e+002	2.8408905384e+002	5.0757339694e+002	
3.1927037111e+002	4.8827987130e+002	3.3338795950e+002	5.0532631752e+002	
4.6517655523e+002	4.8880509134e+002	4.8551759708e+002	5.0152137131e+002	
5.7947890660e+002	4.8833713686e+002	6.1745982439e+002	4.9788291862e+002	
6.7752907941e+002	4.8751118121e+002	7.0432068866e+002	4.9347093110e+002	
3.1089962696e+002	4.8888194727e+002	3.2448939917e+002	5.0615415335e+002	
4.2838692252e+002	4.8909698926e+002	4.4719619922e+002	5.0292287463e+002	
5.9770419295e+002	4.8860740125e+002	6.3651390703e+002	4.9757774086e+002	
6.0575521460e+002	4.8929243010e+002	6.4617082298e+002	4.9804889239e+002	
5.1727821462e+002	4.9058074369e+002	5.3906295334e+002	5.0167758324e+002	
4.4350464333e+002	4.9096336042e+002	4.6209636284e+002	5.0429698800e+002	
5.0791827046e+002	4.9125932389e+002	5.2979961586e+002	5.0265796862e+002	
6.6728872713e+002	4.9120134817e+002	6.2887597283e+002	4.9570252900e+002	
7.4749297849e+001	4.9247357020e+002	7.6101633009e+001	5.1600524187e+002	
2.5347234181e+002	4.9322436280e+002	2.5713582918e+002	5.1177598627e+002	
3.4377545647e+002	4.9294364651e+002	3.5424085124e+002	5.0905716646e+002	
1.4348163081e+002	4.9311334897e+002	1.4651513084e+002	5.1478586904e+002	
6.5230389037e+002	4.9356603364e+002	6.8373500419e+002	5.0056767081e+002	
6.8419902712e+002	4.9289886217e+002	7.1868728976e+002	4.9891879909e+002	
1.3609483753e+002	4.9462557889e+002	1.3900055689e+002	5.1645031929e+002	
1.1087489314e+002	4.9619480533e+002	1.1133859226e+002	5.1857033764e+002	
4.2568138281e+002	4.9656277694e+002	4.0025945628e+002	5.0896549935e+002	
4.9774421332e+002	4.9503789816e+002	5.1778516158e+002	5.0669726076e+002	
5.2563993604e+002	4.9600601371e+002	5.4775331516e+002	5.0684762120e+002	
5.7727914902e+002	4.9692205667e+002	6.0088408801e+002	5.0616331507e+002	
1.5921482641e+002	4.9871190519e+002	1.5985603812e+002	5.1968056204e+002	
1.7833424168e+002	4.9903592741e+002	1.7814537672e+002	5.1943309791e+002	
1.8882509593e+002	4.9871294546e+002	1.8916093465e+002	5.1884643995e+002	
2.2368613461e+002	4.9908560404e+002	2.2505591703e+002	5.1826548631e+002	
5.5589579633e+002	4.9919858796e+002	5.7873677855e+002	5.0910777697e+002	
6.6556707268e+002	5.0089570083e+002	6.9313911873e+002	5.0742907744e+002	
5.9789967543e+002	5.0102648055e+002	6.2006351492e+002	5.0958222503e+002	
6.0905127732e+002	5.0241314312e+002	6.4238039708e+002	5.1097251748e+002	
2.0740265662e+002	5.0380542246e+002	2.0638304700e+002	5.2322513308e+002	
5.1828474204e+001	5.0490579218e+002	4.6687375080e+001	5.2830005436e+002	
2.4738947501e+002	5.0490453810e+002	2.4954869906e+002	5.2329813339e+002	
6.6103382055e+002	5.0421291782e+002	6.8564865548e+002	5.1083855390e+002	
1.5984132009e+002	5.0642607173e+002	1.5489541222e+002	5.2691643519e+002	
1.7546370728e+002	5.0724848656e+002	1.7376915542e+002	5.2741790274e+002	
2.3469712606e+002	5.0828312513e+002	2.3294945149e+002	5.2679776204e+002	
6.1316264389e+002	5.0860079785e+002	6.4613826554e+002	5.1707289681e+002	
1.7201750722e+002	5.0924692598e+002	1.6575616998e+002	5.2926656563e+002	
2.6799896545e+002	5.0975867533e+002	2.6510805571e+002	5.2726729732e+002	
6.7003963619e+002	5.0886243163e+002	6.9406735891e+002	5.1522862326e+002	
7.0942605498e+002	5.0911067251e+002	7.3668131392e+002	5.1431036101e+002	
6.8114565928e+001	5.1100360602e+002	6.1364162025e+001	5.3366358752e+002	
1.1418389994e+002	5.1225426592e+002	1.0432104636e+002	5.3355018294e+002	
4.7887542675e+002	5.1194478663e+002	4.8299750165e+002	5.2357919419e+002	
7.6310404902e+002	5.1122237289e+002	7.6149659430e+002	5.1379872504e+002	
1.6942153092e+002	5.1498483002e+002	1.5988479381e+002	5.3475526332e+002	
2.4807847763e+002	5.1519766074e+002	2.4380103945e+002	5.3306769344e+002	
3.0511331942e+002	5.1652587846e+002	3.0010592169e+002	5.3276775386e+002	
3.0895882127e+002	5.1609983498e+002	3.0637545191e+002	5.3233886241e+002	
1.6123971643e+002	5.1601045803e+002	1.5102658446e+002	5.3593351671e+002	
3.2831169374e+001	5.1819604858e+002	1.8751247206e+001	5.4111542758e+002	
1.1334616015e+002	5.1701072804e+002	1.0043774550e+002	5.3802088902e+002	
6.2565782243e+002	5.1640603013e+002	6.8690471969e+002	5.2553165403e+002	
2.7118447355e+002	5.1897828309e+002	2.6359835357e+002	5.3599247783e+002	
8.8898178534e+001	5.2120765088e+002	7.3230516923e+001	5.4254788264e+002	
1.9713889117e+002	5.2236621163e+002	1.8603329050e+002	5.4111013235e+002	
1.4836912212e+002	5.2380437854e+002	1.3418432494e+002	5.4362015665e+002	
1.8014530574e+002	5.2452165831e+002	1.6796282003e+002	5.4359023508e+002	
2.2580713426e+002	5.2354000219e+002	2.1189684123e+002	5.4138087454e+002	
1.3766874733e+002	5.2575222069e+002	1.2162015220e+002	5.4568492521e+002	
1.6613863162e+002	5.2591812970e+002	1.5247722420e+002	5.4523319130e+002	
1.3061606223e+002	5.2631578545e+002	1.1388856238e+002	5.4637328391e+002	
1.5841055018e+002	5.2764974123e+002	1.4461056931e+002	5.4709450978e+002	
3.8496660178e+002	5.2740859523e+002	3.7493606097e+002	5.4103268427e+002	
2.2236032594e+002	5.3050843139e+002	2.0486304860e+002	5.4807576533e+002	
7.1246735158e+002	5.3292263319e+002	7.2155202763e+002	5.3770140239e+002	
3.4646301527e+002	5.3320272414e+002	3.5299934251e+002	5.4847807830e+002	
1.4380303320e+002	5.3488839964e+002	1.3627543014e+002	5.5473178887e+002	
1.7093537736e+002	5.3486466985e+002	1.5578428723e+002	5.5368992982e+002	
2.0285923396e+002	5.3481025505e+002	1.8405802923e+002	5.5267789208e+002	
7.6278044917e+002	5.3579471667e+002	7.6285428163e+002	5.3872752935e+002	
8.4474080056e+001	5.3786270278e+002	5.8170286508e+001	5.5811912367e+002	
5.0261333131e+002	5.3794876697e+002	4.9106167776e+002	5.4810262002e+002	
1.6310343884e+002	5.3830354249e+002	1.4357977363e+002	5.5699862202e+002	
7.0617553580e+001	5.4383963922e+002	4.1695025470e+001	5.6402016091e+002	
9.1483366747e+001	5.4386090461e+002	1.1185472987e+001	5.6102645672e+002	
5.8527033517e+001	5.4598570278e+002	2.8910999283e+001	5.6630347187e+002	
2.1625981393e+002	5.4739747715e+002	2.0201855031e+002	5.6475782830e+002	
2.6485061402e+002	5.4654499134e+002	2.3979756250e+002	5.6222743482e+002	
1.5135634806e+002	5.5004085841e+002	1.2200957540e+002	5.6810423429e+002	
8.8047684409e+001	5.5090389008e+002	5.8910737768e+001	5.7037123520e+002	
4.5817769682e+001	2.7390614383e+001	1.0902793032e+002	6.7188397501e+001	
7.2388202155e+001	6.0597089493e+001	1.3561786597e+002	9.7711462062e+001	
4.4687038591e+002	6.8909694739e+001	4.7016996372e+002	8.5354667197e+001	
1.4118869537e+001	8.4607238113e+001	7.8346127846e+001	1.2449112107e+002	
6.5263277614e+002	1.3319054014e+002	6.1335475330e+002	1.4047505887e+002	
7.2879224270e+002	1.4676445433e+002	7.4495470563e+002	1.4702770580e+002	
3.4606148065e+002	1.6215513559e+002	3.8052340106e+002	1.8276530020e+002	
4.7870804737e+002	1.6888857023e+002	4.8521515603e+002	1.8339056757e+002	
6.9251695791e+002	1.7152687719e+002	5.9974536284e+002	1.7857654549e+002	
2.9696550183e+002	1.7235164601e+002	3.5811233607e+002	1.9437987628e+002	
6.9430733031e+002	1.9719187920e+002	7.5345807012e+002	1.9816611812e+002	
1.1256656804e+002	2.5324580687e+002	1.7365814882e+002	2.8322253767e+002	
1.5169103505e+002	2.7330232344e+002	1.2230650978e+002	3.0249043316e+002	
7.9260961760e+001	2.7482837724e+002	9.6483409888e+001	3.0648589673e+002	
1.7207819059e+002	3.0718270420e+002	1.9648746009e+002	3.3364126154e+002	
2.3790156221e+002	3.1996770157e+002	2.9600764609e+002	3.4310301330e+002	
5.7490782629e+002	3.3669692961e+002	5.2637505889e+002	3.4583630964e+002	
1.2652141591e+002	3.4105827386e+002	1.5458179258e+002	3.6844040773e+002	
8.7036029824e+001	3.6469075239e+002	1.2822792878e+002	3.9297062301e+002	
6.2843030110e+002	4.2458482035e+002	6.6692354117e+002	4.3183837991e+002	
2.4239687395e+002	4.6084053642e+002	2.2994569294e+002	4.8006850631e+002	
6.8173186210e+002	4.6348405375e+002	7.3291805062e+002	4.6955263836e+002	
3.7674842750e+002	4.7985931373e+002	3.7817557970e+002	4.9487285842e+002	
3.2327345088e+002	4.9585871490e+002	3.0774146930e+002	5.1164936268e+002	
3.5323699085e+002	4.9896431593e+002	3.5934977245e+002	5.1455580840e+002	
6.5090570768e+002	5.0610550335e+002	6.1114745600e+002	5.1103067396e+002	
5.3114992738e+002	5.3477884354e+002	5.2294716546e+002	5.4428075791e+002	
7.6178384676e+002	5.5244357874e+002	7.6137164262e+002	5.5558913767e+002	
4.4924046991e+002	5.5563091993e+002	4.5217287363e+002	5.6772593578e+002	
7.6374219973e+002	1.3743392328e+002	7.6383995829e+002	1.3642855159e+002	
3.9477318726e+002	1.6805010415e+002	4.7084116297e+002	1.8418941500e+002	
1.6679859961e+002	2.6081890915e+002	2.2716722884e+002	2.8809716114e+002	
3.2792965039e+001	5.3018023503e+002	9.4445164583e+000	5.5212575050e+002	
1.1688435208e+002	2.4701423721e+002	1.7963418065e+002	2.7689545983e+002	
1.7707053959e+002	2.0295181233e+002	8.3374940511e+001	2.3596101597e+002	
